 1322.9741   1.0000   4.426078E-14   4.272905E-14   0.9654
 1323.0040   1.0000   4.426143E-14   4.748012E-14   1.0727
 1323.0339   1.0000   4.426166E-14   4.305688E-14   0.9728
 1323.0639   1.0000   4.426150E-14   4.209984E-14   0.9512
 1323.0938   1.0000   4.426097E-14   4.270795E-14   0.9649
 1323.1237   1.0000   4.426009E-14   3.622311E-14   0.8184
 1323.1536   1.0000   4.425888E-14   4.500892E-14   1.0169
 1323.1835   1.0000   4.425737E-14   3.972498E-14   0.8976
 1323.2134   1.0000   4.425556E-14   4.268937E-14   0.9646
 1323.2433   1.0000   4.425350E-14   5.077826E-14   1.1474
 1323.2732   1.0000   4.425119E-14   4.495265E-14   1.0159
 1323.3031   1.0000   4.424866E-14   4.438640E-14   1.0031
 1323.3330   1.0000   4.424593E-14   4.167302E-14   0.9418
 1323.3629   1.0000   4.424302E-14   4.316702E-14   0.9757
 1323.3929   1.0000   4.423994E-14   4.905134E-14   1.1088
 1323.4228   1.0000   4.423674E-14   4.652719E-14   1.0518
 1323.4527   1.0000   4.423342E-14   3.969415E-14   0.8974
 1323.4826   1.0000   4.423001E-14   4.116970E-14   0.9308
 1323.5125   1.0000   4.422652E-14   4.031802E-14   0.9116
 1323.5424   1.0000   4.422299E-14   3.842739E-14   0.8689
 1323.5723   1.0000   4.421943E-14   4.551058E-14   1.0292
 1323.6022   1.0000   4.421586E-14   4.944348E-14   1.1182
 1323.6321   1.0000   4.421230E-14   4.218093E-14   0.9541
 1323.6620   1.0000   4.420878E-14   4.100942E-14   0.9276
 1323.6919   1.0000   4.420532E-14   4.773245E-14   1.0798
 1323.7219   1.0000   4.420192E-14   4.829695E-14   1.0926
 1323.7518   1.0000   4.419864E-14   4.384600E-14   0.9920
 1323.7817   1.0000   4.419547E-14   4.577546E-14   1.0357
 1323.8116   1.0000   4.419245E-14   4.768356E-14   1.0790
 1323.8415   1.0000   4.418959E-14   5.032089E-14   1.1387
 1323.8714   1.0000   4.418691E-14   4.727251E-14   1.0698
 1323.9013   1.0000   4.418444E-14   5.010748E-14   1.1341
 1323.9312   1.0000   4.418220E-14   4.717521E-14   1.0677
 1323.9611   1.0000   4.418021E-14   3.976210E-14   0.9000
 1323.9910   1.0000   4.417849E-14   3.663970E-14   0.8294
 1324.0209   1.0000   4.417706E-14   4.332134E-14   0.9806
 1324.0509   1.0000   4.417594E-14   4.369950E-14   0.9892
 1324.0808   0.9999   4.417516E-14   4.340546E-14   0.9826
 1324.1107   0.9997   4.417473E-14   4.034538E-14   0.9133
 1324.1406   0.9991   4.417468E-14   4.906128E-14   1.1106
 1324.1705   0.9975   4.417504E-14   4.742144E-14   1.0735
 1324.2004   0.9936   4.417581E-14   5.251992E-14   1.1889
 1324.2303   0.9850   4.417702E-14   4.570801E-14   1.0347
 1324.2602   0.9682   4.417870E-14   4.726975E-14   1.0700
 1324.2901   0.9393   4.418086E-14   4.754562E-14   1.0762
 1324.3200   0.8956   4.418352E-14   4.122409E-14   0.9330
 1324.3499   0.8389   4.418672E-14   3.514436E-14   0.7954
 1324.3799   0.7763   4.419047E-14   3.610651E-14   0.8171
 1324.4098   0.7180   4.419479E-14   3.048362E-14   0.6898
 1324.4397   0.6725   4.419969E-14   2.917698E-14   0.6601
 1324.4696   0.6439   4.420521E-14   2.456097E-14   0.5556
 1324.4995   0.6333   4.421136E-14   2.912856E-14   0.6588
 1324.5294   0.6405   4.421817E-14   3.217883E-14   0.7277
 1324.5593   0.6657   4.422566E-14   2.856973E-14   0.6460
 1324.5892   0.7082   4.423384E-14   3.134244E-14   0.7086
 1324.6191   0.7645   4.424274E-14   3.552699E-14   0.8030
 1324.6490   0.8270   4.425238E-14   3.795894E-14   0.8578
 1324.6789   0.8855   4.426279E-14   3.933195E-14   0.8886
 1324.7089   0.9321   4.427402E-14   3.997980E-14   0.9030
 1324.7388   0.9638   4.428602E-14   4.469884E-14   1.0093
 1324.7687   0.9826   4.429884E-14   4.003920E-14   0.9038
 1324.7986   0.9924   4.431251E-14   3.993848E-14   0.9013
 1324.8285   0.9970   4.432705E-14   4.069460E-14   0.9181
 1324.8584   0.9989   4.434249E-14   3.749570E-14   0.8456
 1324.8883   0.9996   4.435883E-14   4.352767E-14   0.9813
 1324.9182   0.9999   4.437611E-14   4.639109E-14   1.0454
 1324.9481   1.0000   4.439434E-14   3.999178E-14   0.9008
 1324.9780   1.0000   4.441354E-14   3.618671E-14   0.8148
 1325.0079   1.0000   4.443371E-14   4.164074E-14   0.9371
 1325.0379   1.0000   4.445489E-14   3.906851E-14   0.8788
 1325.0678   1.0000   4.447692E-14   4.289130E-14   0.9643
 1325.0977   1.0000   4.449987E-14   4.751833E-14   1.0678
 1325.1276   1.0000   4.452371E-14   5.311049E-14   1.1929
 1325.1575   1.0000   4.454843E-14   4.770725E-14   1.0709
 1325.1874   1.0000   4.457401E-14   4.101030E-14   0.9200
 1325.2173   1.0000   4.460043E-14   4.866251E-14   1.0911
 1325.2472   1.0000   4.462768E-14   4.141918E-14   0.9281
 1325.2771   1.0000   4.465574E-14   4.279513E-14   0.9583
 1325.3070   1.0000   4.468460E-14   4.119683E-14   0.9219
 1325.3369   1.0000   4.471423E-14   4.701281E-14   1.0514
 1325.3669   1.0000   4.474473E-14   4.231656E-14   0.9457
 1325.3968   1.0000   4.477588E-14   4.359339E-14   0.9736
 1325.4267   1.0000   4.480775E-14   4.334453E-14   0.9673
 1325.4566   1.0000   4.484034E-14   3.988122E-14   0.8894
 1325.4865   1.0000   4.487362E-14   4.447276E-14   0.9911
 1325.5164   1.0000   4.490758E-14   4.617474E-14   1.0282
 1325.5463   1.0000   4.494220E-14   4.403055E-14   0.9797
 1325.5762   1.0000   4.497747E-14   4.334597E-14   0.9637
 1325.6061   1.0000   4.501337E-14   4.538527E-14   1.0083
 1325.6360   1.0000   4.504989E-14   4.854919E-14   1.0777
 1325.6659   1.0000   4.508700E-14   4.471575E-14   0.9918
 1325.6959   1.0000   4.512482E-14   4.455340E-14   0.9873
 1325.7258   1.0000   4.516307E-14   4.417262E-14   0.9781
 1325.7557   1.0000   4.520188E-14   4.594253E-14   1.0164
 1325.7856   1.0000   4.524121E-14   4.397715E-14   0.9721
 1325.8155   1.0000   4.528106E-14   4.443232E-14   0.9813
 1325.8454   1.0000   4.532141E-14   4.317655E-14   0.9527
 1325.8753   1.0000   4.536223E-14   4.560346E-14   1.0053
 1325.9052   1.0000   4.540353E-14   4.831244E-14   1.0641
 1325.9351   1.0000   4.544527E-14   4.576635E-14   1.0071
 1325.9650   1.0000   4.548744E-14   4.354007E-14   0.9572
 1325.9949   1.0000   4.553003E-14   4.344119E-14   0.9541
 1326.0249   1.0000   4.557316E-14   4.170758E-14   0.9152
 1326.0548   1.0000   4.561653E-14   4.498972E-14   0.9863
 1326.0847   1.0000   4.566027E-14   4.637995E-14   1.0158
 1326.1146   1.0000   4.570435E-14   4.199107E-14   0.9188
 1326.1445   1.0000   4.574877E-14   4.410705E-14   0.9641
 1326.1744   1.0000   4.579351E-14   3.979207E-14   0.8689
 1326.2043   1.0000   4.583854E-14   4.020592E-14   0.8771
 1326.2342   1.0000   4.588386E-14   3.927787E-14   0.8560
 1326.2641   1.0000   4.592944E-14   3.827867E-14   0.8334
 1326.2940   0.9999   4.597528E-14   3.863482E-14   0.8403
 1326.3239   0.9999   4.602135E-14   4.012711E-14   0.8719
 1326.3539   0.9997   4.606779E-14   4.386131E-14   0.9521
 1326.3838   0.9994   4.611428E-14   4.433900E-14   0.9615
 1326.4137   0.9987   4.616095E-14   5.042780E-14   1.0924
 1326.4436   0.9976   4.620779E-14   4.700956E-14   1.0174
 1326.4735   0.9955   4.625478E-14   4.575855E-14   0.9893
 1326.5034   0.9919   4.630191E-14   5.022199E-14   1.0847
 1326.5333   0.9859   4.634915E-14   4.768835E-14   1.0289
 1326.5632   0.9763   4.639650E-14   4.775558E-14   1.0293
 1326.5931   0.9616   4.644393E-14   4.417366E-14   0.9511
 1326.6230   0.9400   4.649143E-14   4.696390E-14   1.0102
 1326.6529   0.9100   4.653898E-14   4.496524E-14   0.9662
 1326.6829   0.8704   4.658673E-14   4.576243E-14   0.9823
 1326.7128   0.8219   4.663434E-14   4.129524E-14   0.8855
 1326.7427   0.7664   4.668195E-14   3.943836E-14   0.8448
 1326.7726   0.7078   4.672954E-14   3.225634E-14   0.6903
 1326.8025   0.6508   4.677711E-14   3.283349E-14   0.7019
 1326.8324   0.5998   4.682463E-14   2.586221E-14   0.5523
 1326.8623   0.5579   4.687209E-14   2.288177E-14   0.4882
 1326.8922   0.5259   4.691946E-14   2.190165E-14   0.4668
 1326.9221   0.5031   4.696675E-14   2.306028E-14   0.4910
 1326.9520   0.4877   4.701391E-14   2.277611E-14   0.4845
 1326.9819   0.4779   4.706095E-14   1.933186E-14   0.4108
 1327.0119   0.4721   4.710800E-14   2.448849E-14   0.5198
 1327.0418   0.4692   4.715473E-14   2.211646E-14   0.4690
 1327.0717   0.4686   4.720129E-14   2.545420E-14   0.5393
 1327.1016   0.4702   4.724764E-14   2.217539E-14   0.4693
 1327.1315   0.4743   4.729379E-14   2.133775E-14   0.4512
 1327.1614   0.4818   4.733970E-14   2.091200E-14   0.4417
 1327.1913   0.4938   4.738538E-14   2.336223E-14   0.4930
 1327.2212   0.5123   4.743079E-14   2.666380E-14   0.5622
 1327.2511   0.5390   4.747592E-14   2.987759E-14   0.6293
 1327.2810   0.5754   4.752076E-14   2.976644E-14   0.6264
 1327.3109   0.6216   4.756529E-14   3.339774E-14   0.7021
 1327.3409   0.6759   4.760964E-14   3.400607E-14   0.7143
 1327.3708   0.7343   4.765349E-14   3.371641E-14   0.7075
 1327.4007   0.7920   4.769699E-14   3.539601E-14   0.7421
 1327.4306   0.8447   4.774011E-14   3.733850E-14   0.7821
 1327.4605   0.8893   4.778284E-14   4.030749E-14   0.8436
 1327.4904   0.9245   4.782519E-14   4.147293E-14   0.8672
 1327.5203   0.9506   4.786718E-14   4.140031E-14   0.8649
 1327.5502   0.9689   4.790882E-14   4.631075E-14   0.9666
 1327.5801   0.9812   4.795012E-14   4.567949E-14   0.9526
 1327.6100   0.9890   4.799111E-14   4.496706E-14   0.9370
 1327.6399   0.9938   4.803178E-14   4.941665E-14   1.0288
 1327.6699   0.9966   4.807230E-14   4.602454E-14   0.9574
 1327.6998   0.9982   4.811240E-14   5.005995E-14   1.0405
 1327.7297   0.9991   4.815225E-14   4.339703E-14   0.9012
 1327.7596   0.9995   4.819184E-14   4.706168E-14   0.9765
 1327.7895   0.9998   4.823120E-14   5.325438E-14   1.1041
 1327.8194   0.9999   4.827033E-14   5.029031E-14   1.0418
 1327.8493   1.0000   4.830927E-14   5.359746E-14   1.1095
 1327.8792   1.0000   4.834801E-14   4.740748E-14   0.9805
 1327.9091   1.0000   4.838657E-14   4.733485E-14   0.9783
 1327.9390   1.0000   4.842497E-14   5.323010E-14   1.0992
 1327.9689   1.0000   4.846323E-14   4.801752E-14   0.9908
 1327.9989   1.0000   4.850148E-14   4.726666E-14   0.9745
 1328.0288   1.0000   4.853948E-14   5.183614E-14   1.0679
 1328.0587   1.0000   4.857737E-14   4.899406E-14   1.0086
 1328.0886   1.0000   4.861518E-14   5.166517E-14   1.0627
 1328.1185   1.0000   4.865291E-14   4.808348E-14   0.9883
 1328.1484   1.0000   4.869058E-14   4.971284E-14   1.0210
 1328.1783   1.0000   4.872820E-14   4.323936E-14   0.8874
 1328.2082   1.0000   4.876579E-14   4.926961E-14   1.0103
 1328.2381   1.0000   4.880336E-14   4.539294E-14   0.9301
 1328.2680   1.0000   4.884093E-14   5.031771E-14   1.0302
 1328.2979   1.0000   4.887851E-14   5.542193E-14   1.1339
 1328.3279   1.0000   4.891624E-14   5.015749E-14   1.0254
 1328.3578   0.9999   4.895388E-14   5.493713E-14   1.1222
 1328.3877   0.9997   4.899158E-14   5.520833E-14   1.1269
 1328.4176   0.9991   4.902934E-14   5.230339E-14   1.0668
 1328.4475   0.9976   4.906719E-14   5.301308E-14   1.0804
 1328.4774   0.9943   4.910514E-14   5.829895E-14   1.1872
 1328.5073   0.9875   4.914319E-14   4.917312E-14   1.0006
 1328.5372   0.9750   4.918138E-14   5.760808E-14   1.1713
 1328.5671   0.9546   4.921970E-14   4.472211E-14   0.9086
 1328.5970   0.9252   4.925818E-14   4.112402E-14   0.8349
 1328.6269   0.8882   4.929683E-14   4.549535E-14   0.9229
 1328.6569   0.8481   4.933579E-14   3.840558E-14   0.7785
 1328.6868   0.8112   4.937482E-14   3.962238E-14   0.8025
 1328.7167   0.7834   4.941407E-14   3.890057E-14   0.7872
 1328.7466   0.7687   4.945354E-14   3.727885E-14   0.7538
 1328.7765   0.7691   4.949325E-14   4.037900E-14   0.8158
 1328.8064   0.7845   4.953322E-14   4.124566E-14   0.8327
 1328.8363   0.8129   4.957346E-14   4.265470E-14   0.8604
 1328.8662   0.8501   4.961398E-14   4.239561E-14   0.8545
 1328.8961   0.8901   4.965481E-14   4.144061E-14   0.8346
 1328.9260   0.9268   4.969594E-14   4.360195E-14   0.8774
 1328.9559   0.9558   4.973741E-14   4.254244E-14   0.8553
 1328.9859   0.9758   4.977936E-14   4.766170E-14   0.9575
 1329.0158   0.9880   4.982152E-14   4.513032E-14   0.9058
 1329.0457   0.9946   4.986406E-14   4.701247E-14   0.9428
 1329.0756   0.9978   4.990698E-14   4.687000E-14   0.9391
 1329.1055   0.9992   4.995030E-14   5.219963E-14   1.0450
 1329.1354   0.9997   4.999404E-14   4.707185E-14   0.9415
 1329.1653   0.9999   5.003821E-14   5.101182E-14   1.0195
 1329.1952   1.0000   5.008282E-14   5.247362E-14   1.0477
 1329.2251   1.0000   5.012789E-14   4.423665E-14   0.8825
 1329.2550   1.0000   5.017343E-14   4.810244E-14   0.9587
 1329.2849   1.0000   5.021945E-14   4.618304E-14   0.9196
 1329.3149   1.0000   5.026614E-14   4.932829E-14   0.9813
 1329.3448   1.0000   5.031318E-14   5.097026E-14   1.0131
 1329.3747   1.0000   5.036076E-14   4.642128E-14   0.9218
 1329.4046   1.0000   5.040888E-14   5.252560E-14   1.0420
 1329.4345   1.0000   5.045756E-14   5.798281E-14   1.1491
 1329.4644   1.0000   5.050681E-14   5.296399E-14   1.0487
 1329.4943   1.0000   5.055665E-14   5.164864E-14   1.0216
 1329.5242   1.0000   5.060709E-14   4.570907E-14   0.9032
 1329.5541   1.0000   5.065815E-14   5.038218E-14   0.9946
 1329.5840   1.0000   5.070984E-14   5.007830E-14   0.9875
 1329.6139   1.0000   5.076218E-14   5.809184E-14   1.1444
 1329.6439   1.0000   5.081535E-14   5.003170E-14   0.9846
 1329.6738   1.0000   5.086902E-14   5.037473E-14   0.9903
 1329.7037   1.0000   5.092338E-14   4.904356E-14   0.9631
 1329.7336   1.0000   5.097845E-14   5.241252E-14   1.0281
 1329.7635   1.0000   5.103423E-14   4.787073E-14   0.9380
 1329.7934   1.0000   5.109074E-14   5.164559E-14   1.0109
 1329.8233   1.0000   5.114800E-14   5.890621E-14   1.1517
 1329.8532   1.0000   5.120602E-14   5.277907E-14   1.0307
 1329.8831   1.0000   5.126482E-14   5.014407E-14   0.9781
 1329.9130   1.0000   5.132440E-14   5.357518E-14   1.0439
 1329.9429   1.0000   5.138479E-14   5.131064E-14   0.9986
 1329.9729   1.0000   5.144615E-14   5.517673E-14   1.0725
 1330.0028   1.0000   5.150806E-14   4.624953E-14   0.8979
 1330.0327   1.0000   5.157070E-14   5.239193E-14   1.0159
 1330.0626   1.0000   5.163404E-14   5.225848E-14   1.0121
 1330.0925   1.0000   5.169804E-14   5.335289E-14   1.0320
 1330.1224   1.0000   5.176269E-14   5.491752E-14   1.0609
 1330.1523   1.0000   5.182795E-14   5.378639E-14   1.0378
 1330.1822   1.0000   5.189381E-14   5.268358E-14   1.0152
 1330.2121   1.0000   5.196023E-14   5.393571E-14   1.0380
 1330.2420   1.0000   5.202718E-14   5.591398E-14   1.0747
 1330.2719   1.0000   5.209465E-14   5.189065E-14   0.9961
 1330.3018   1.0000   5.216260E-14   5.085490E-14   0.9749
 1330.3318   1.0000   5.223124E-14   5.263260E-14   1.0077
 1330.3617   1.0000   5.230008E-14   4.907681E-14   0.9384
 1330.3916   1.0000   5.236932E-14   5.391533E-14   1.0295
 1330.4215   1.0000   5.243894E-14   4.696181E-14   0.8956
 1330.4514   1.0000   5.250891E-14   5.110753E-14   0.9733
 1330.4813   1.0000   5.257920E-14   4.822863E-14   0.9173
 1330.5112   1.0000   5.264979E-14   4.931865E-14   0.9367
 1330.5411   1.0000   5.272064E-14   4.979551E-14   0.9445
 1330.5710   1.0000   5.279175E-14   5.025629E-14   0.9520
 1330.6009   0.9999   5.286306E-14   4.858544E-14   0.9191
 1330.6308   0.9998   5.293457E-14   4.948634E-14   0.9349
 1330.6608   0.9996   5.300648E-14   5.214766E-14   0.9838
 1330.6907   0.9992   5.307829E-14   5.459009E-14   1.0285
 1330.7206   0.9984   5.315021E-14   5.520270E-14   1.0386
 1330.7505   0.9971   5.322221E-14   5.212277E-14   0.9793
 1330.7804   0.9949   5.329426E-14   4.588847E-14   0.8610
 1330.8103   0.9912   5.336635E-14   4.834610E-14   0.9059
 1330.8402   0.9854   5.343844E-14   5.046497E-14   0.9444
 1330.8701   0.9765   5.351050E-14   4.647992E-14   0.8686
 1330.9000   0.9635   5.358252E-14   5.120260E-14   0.9556
 1330.9299   0.9452   5.365445E-14   5.295194E-14   0.9869
 1330.9598   0.9207   5.372629E-14   5.384576E-14   1.0022
 1330.9898   0.8896   5.379823E-14   5.308224E-14   0.9867
 1331.0197   0.8525   5.386977E-14   4.695560E-14   0.8717
 1331.0496   0.8105   5.394113E-14   4.506751E-14   0.8355
 1331.0795   0.7659   5.401228E-14   4.499013E-14   0.8330
 1331.1094   0.7214   5.408319E-14   3.562061E-14   0.6586
 1331.1393   0.6799   5.415384E-14   3.323344E-14   0.6137
 1331.1692   0.6433   5.422420E-14   3.211099E-14   0.5922
 1331.1991   0.6130   5.429424E-14   2.944224E-14   0.5423
 1331.2290   0.5895   5.436393E-14   2.651732E-14   0.4878
 1331.2589   0.5726   5.443325E-14   2.792050E-14   0.5129
 1331.2888   0.5618   5.450218E-14   3.265800E-14   0.5992
 1331.3188   0.5567   5.457091E-14   3.245983E-14   0.5948
 1331.3487   0.5571   5.463895E-14   3.452236E-14   0.6318
 1331.3786   0.5629   5.470652E-14   3.240703E-14   0.5924
 1331.4085   0.5745   5.477359E-14   3.698565E-14   0.6752
 1331.4384   0.5923   5.484012E-14   3.589556E-14   0.6545
 1331.4683   0.6168   5.490610E-14   3.161543E-14   0.5758
 1331.4982   0.6480   5.497149E-14   3.766187E-14   0.6851
 1331.5281   0.6853   5.503627E-14   3.630691E-14   0.6597
 1331.5580   0.7275   5.510041E-14   4.404063E-14   0.7993
 1331.5879   0.7721   5.516389E-14   4.618340E-14   0.8372
 1331.6178   0.8165   5.522667E-14   4.824343E-14   0.8736
 1331.6478   0.8581   5.528895E-14   4.233609E-14   0.7657
 1331.6777   0.8944   5.535027E-14   4.464356E-14   0.8066
 1331.7076   0.9245   5.541081E-14   4.220303E-14   0.7616
 1331.7375   0.9480   5.547056E-14   5.199882E-14   0.9374
 1331.7674   0.9655   5.552949E-14   4.908240E-14   0.8839
 1331.7973   0.9779   5.558756E-14   5.437907E-14   0.9783
 1331.8272   0.9864   5.564475E-14   5.105067E-14   0.9174
 1331.8571   0.9918   5.570104E-14   5.685013E-14   1.0206
 1331.8870   0.9953   5.575640E-14   5.498936E-14   0.9862
 1331.9169   0.9973   5.581080E-14   5.734128E-14   1.0274
 1331.9468   0.9986   5.586421E-14   5.181437E-14   0.9275
 1331.9768   0.9992   5.591678E-14   5.731838E-14   1.0251
 1332.0067   0.9996   5.596814E-14   5.842545E-14   1.0439
 1332.0366   0.9998   5.601843E-14   5.549224E-14   0.9906
 1332.0665   0.9999   5.606763E-14   6.314992E-14   1.1263
 1332.0964   1.0000   5.611571E-14   5.969796E-14   1.0638
 1332.1263   1.0000   5.616265E-14   5.940266E-14   1.0577
 1332.1562   1.0000   5.620841E-14   5.753044E-14   1.0235
 1332.1861   1.0000   5.625298E-14   5.690321E-14   1.0116
 1332.2160   1.0000   5.629632E-14   6.271199E-14   1.1140
 1332.2459   1.0000   5.633840E-14   6.239045E-14   1.1074
 1332.2758   1.0000   5.637921E-14   5.470400E-14   0.9703
 1332.3058   1.0000   5.641884E-14   6.213013E-14   1.1012
 1332.3357   1.0000   5.645700E-14   6.068877E-14   1.0750
 1332.3656   1.0000   5.649381E-14   5.672838E-14   1.0042
 1332.3955   1.0000   5.652923E-14   5.245057E-14   0.9278
 1332.4254   1.0000   5.656324E-14   5.349257E-14   0.9457
 1332.4553   1.0000   5.659587E-14   5.482383E-14   0.9687
 1332.4852   1.0000   5.662715E-14   5.771514E-14   1.0192
 1332.5151   1.0000   5.665709E-14   5.757276E-14   1.0162
 1332.5450   1.0000   5.668573E-14   5.676168E-14   1.0013
 1332.5749   1.0000   5.671310E-14   5.399923E-14   0.9521
 1332.6048   1.0000   5.673922E-14   5.797996E-14   1.0219
 1332.6348   1.0000   5.676420E-14   5.414815E-14   0.9539
 1332.6647   1.0000   5.678791E-14   5.087540E-14   0.8959
 1332.6946   1.0000   5.681045E-14   4.955055E-14   0.8722
 1332.7245   1.0000   5.683186E-14   5.841594E-14   1.0279
 1332.7544   1.0000   5.685216E-14   5.860649E-14   1.0309
 1332.7843   1.0000   5.687138E-14   6.237005E-14   1.0967
 1332.8142   1.0000   5.688955E-14   6.043312E-14   1.0623
 1332.8441   1.0000   5.690670E-14   6.036119E-14   1.0607
 1332.8740   1.0000   5.692284E-14   5.945430E-14   1.0445
 1332.9039   1.0000   5.693802E-14   5.656194E-14   0.9934
 1332.9338   1.0000   5.695226E-14   5.669319E-14   0.9955
 1332.9638   1.0000   5.696562E-14   5.879785E-14   1.0322
 1332.9937   1.0000   5.697806E-14   5.491144E-14   0.9637
 1333.0236   1.0000   5.698963E-14   5.657048E-14   0.9926
 1333.0535   1.0000   5.700038E-14   5.478448E-14   0.9611
 1333.0834   1.0000   5.701032E-14   5.592274E-14   0.9809
 1333.1133   1.0000   5.701949E-14   5.345773E-14   0.9375
 1333.1432   1.0000   5.702791E-14   5.656570E-14   0.9919
 1333.1731   1.0000   5.703561E-14   5.873731E-14   1.0298
 1333.2030   1.0000   5.704262E-14   5.910867E-14   1.0362
 1333.2329   1.0000   5.704897E-14   5.706273E-14   1.0002
 1333.2628   1.0000   5.705467E-14   5.983512E-14   1.0487
 1333.2928   1.0000   5.705979E-14   6.175427E-14   1.0823
 1333.3227   1.0000   5.706431E-14   5.994552E-14   1.0505
 1333.3526   1.0000   5.706827E-14   5.798964E-14   1.0161
 1333.3825   1.0000   5.707171E-14   5.834179E-14   1.0223
 1333.4124   1.0000   5.707465E-14   5.968706E-14   1.0458
 1333.4423   1.0000   5.707712E-14   4.987712E-14   0.8739
 1333.4722   1.0000   5.707915E-14   5.227564E-14   0.9158
 1333.5021   1.0000   5.708076E-14   5.468232E-14   0.9580
 1333.5320   1.0000   5.708199E-14   5.094567E-14   0.8925
 1333.5619   1.0000   5.708286E-14   5.379608E-14   0.9424
 1333.5918   1.0000   5.708339E-14   5.921979E-14   1.0374
 1333.6218   1.0000   5.708363E-14   5.236168E-14   0.9173
 1333.6517   1.0000   5.708358E-14   5.314145E-14   0.9309
 1333.6816   1.0000   5.708329E-14   5.717745E-14   1.0016
 1333.7115   1.0000   5.708278E-14   5.905247E-14   1.0345
 1333.7414   1.0000   5.708207E-14   5.804681E-14   1.0169
 1333.7713   1.0000   5.708120E-14   5.461207E-14   0.9567
 1333.8012   1.0000   5.708019E-14   5.457064E-14   0.9560
 1333.8311   1.0000   5.707908E-14   5.525970E-14   0.9681
 1333.8610   1.0000   5.707788E-14   5.694861E-14   0.9977
 1333.8909   1.0000   5.707662E-14   5.556673E-14   0.9735
 1333.9208   1.0000   5.707535E-14   5.331009E-14   0.9340
 1333.9508   1.0000   5.707406E-14   4.502727E-14   0.7889
 1333.9807   1.0000   5.707281E-14   3.769844E-14   0.6605
 1334.0106   1.0000   5.707162E-14   3.546017E-14   0.6213
 1334.0405   1.0000   5.707051E-14   2.715074E-14   0.4757
 1334.0704   1.0000   5.706952E-14   2.238646E-14   0.3923
 1334.1003   1.0000   5.706866E-14   1.793508E-14   0.3143
 1334.1302   1.0000   5.706798E-14   1.496582E-14   0.2622
 1334.1601   1.0000   5.706748E-14   9.472231E-15   0.1660
 1334.1900   1.0000   5.706721E-14   6.848884E-15   0.1200
 1334.2199   1.0000   5.706720E-14   4.021498E-15   0.0705
 1334.2498   1.0000   5.706746E-14   1.711347E-15   0.0300
 1334.2798   1.0000   5.706803E-14   1.512586E-15   0.0265
 1334.3097   1.0000   5.706893E-14   1.584125E-15   0.0278
 1334.3396   1.0000   5.707019E-14   1.562683E-15   0.0274
 1334.3695   1.0000   5.707185E-14   1.585236E-15   0.0278
 1334.3994   1.0000   5.707392E-14   1.255353E-15   0.0220
 1334.4293   1.0000   5.707643E-14   1.723165E-15   0.0302
 1334.4592   1.0000   5.707942E-14   2.358931E-15   0.0413
 1334.4891   1.0000   5.708291E-14   3.698388E-15   0.0648
 1334.5190   1.0000   5.708693E-14   6.493229E-15   0.1137
 1334.5489   1.0000   5.709150E-14   9.540359E-15   0.1671
 1334.5788   1.0000   5.709666E-14   1.757567E-14   0.3078
 1334.6088   1.0000   5.710245E-14   2.777479E-14   0.4864
 1334.6387   1.0000   5.710886E-14   4.453674E-14   0.7799
 1334.6686   1.0000   5.711593E-14   4.746215E-14   0.8310
 1334.6985   1.0000   5.712370E-14   5.412756E-14   0.9475
 1334.7284   1.0000   5.713220E-14   5.578209E-14   0.9764
 1334.7583   1.0000   5.714144E-14   5.322138E-14   0.9314
 1334.7882   1.0000   5.715146E-14   5.523929E-14   0.9665
 1334.8181   1.0000   5.716229E-14   5.341899E-14   0.9345
 1334.8480   1.0000   5.717395E-14   5.183334E-14   0.9066
 1334.8779   1.0000   5.718647E-14   5.334155E-14   0.9328
 1334.9078   1.0000   5.719986E-14   5.416311E-14   0.9469
 1334.9378   1.0000   5.721414E-14   5.743357E-14   1.0038
 1334.9677   1.0000   5.722916E-14   6.357045E-14   1.1108
 1334.9976   1.0000   5.724492E-14   5.774551E-14   1.0087
 1335.0275   1.0000   5.726135E-14   5.999185E-14   1.0477
 1335.0574   1.0000   5.727841E-14   6.473080E-14   1.1301
 1335.0873   1.0000   5.729605E-14   5.995552E-14   1.0464
 1335.1172   1.0000   5.731421E-14   6.472997E-14   1.1294
 1335.1471   1.0000   5.733285E-14   5.810160E-14   1.0134
 1335.1770   1.0000   5.735191E-14   6.085888E-14   1.0611
 1335.2069   1.0000   5.737133E-14   5.761986E-14   1.0043
 1335.2368   1.0000   5.739108E-14   5.480005E-14   0.9549
 1335.2668   1.0000   5.741115E-14   5.580815E-14   0.9721
 1335.2967   1.0000   5.743137E-14   6.166635E-14   1.0737
 1335.3266   1.0000   5.745176E-14   5.777016E-14   1.0055
 1335.3565   1.0000   5.747225E-14   5.390641E-14   0.9380
 1335.3864   1.0000   5.749280E-14   5.171774E-14   0.8996
 1335.4163   1.0000   5.751335E-14   5.445541E-14   0.9468
 1335.4462   1.0000   5.753386E-14   5.217515E-14   0.9069
 1335.4761   1.0000   5.755427E-14   5.609007E-14   0.9746
 1335.5060   1.0000   5.757452E-14   5.248052E-14   0.9115
 1335.5359   1.0000   5.759458E-14   4.967916E-14   0.8626
 1335.5658   1.0000   5.761438E-14   4.797207E-14   0.8326
 1335.5958   1.0000   5.763394E-14   4.137848E-14   0.7180
 1335.6257   1.0000   5.765307E-14   4.188491E-14   0.7265
 1335.6556   1.0000   5.767179E-14   3.829861E-14   0.6641
 1335.6855   1.0000   5.769005E-14   4.506214E-14   0.7811
 1335.7154   1.0000   5.770780E-14   4.981917E-14   0.8633
 1335.7453   1.0000   5.772497E-14   5.432472E-14   0.9411
 1335.7752   1.0000   5.774153E-14   4.953011E-14   0.8578
 1335.8051   1.0000   5.775742E-14   5.307885E-14   0.9190
 1335.8350   0.9999   5.777259E-14   5.177983E-14   0.8963
 1335.8649   0.9998   5.778698E-14   5.571114E-14   0.9641
 1335.8948   0.9995   5.780055E-14   6.028273E-14   1.0429
 1335.9248   0.9985   5.781328E-14   5.648700E-14   0.9771
 1335.9547   0.9961   5.782503E-14   5.709922E-14   0.9874
 1335.9846   0.9910   5.783580E-14   5.621361E-14   0.9720
 1336.0145   0.9808   5.784554E-14   5.676685E-14   0.9814
 1336.0444   0.9626   5.785419E-14   5.372961E-14   0.9287
 1336.0743   0.9341   5.786170E-14   5.510172E-14   0.9523
 1336.1042   0.8944   5.786802E-14   4.924844E-14   0.8510
 1336.1341   0.8466   5.787310E-14   5.195760E-14   0.8978
 1336.1640   0.7968   5.787688E-14   4.667480E-14   0.8064
 1336.1939   0.7526   5.787932E-14   4.439013E-14   0.7669
 1336.2238   0.7203   5.788036E-14   4.450876E-14   0.7690
 1336.2538   0.7037   5.787995E-14   3.629328E-14   0.6270
 1336.2837   0.7044   5.787803E-14   3.984218E-14   0.6884
 1336.3136   0.7224   5.787456E-14   4.365573E-14   0.7543
 1336.3435   0.7559   5.786948E-14   4.486701E-14   0.7753
 1336.3734   0.8009   5.786275E-14   5.098807E-14   0.8812
 1336.4033   0.8508   5.785430E-14   5.066986E-14   0.8758
 1336.4332   0.8981   5.784410E-14   5.085976E-14   0.8793
 1336.4631   0.9369   5.783207E-14   5.693465E-14   0.9845
 1336.4930   0.9645   5.781819E-14   5.600313E-14   0.9686
 1336.5229   0.9819   5.780238E-14   6.012782E-14   1.0402
 1336.5528   0.9916   5.778461E-14   5.555306E-14   0.9614
 1336.5828   0.9964   5.776474E-14   5.610755E-14   0.9713
 1336.6127   0.9986   5.774286E-14   5.331677E-14   0.9233
 1336.6426   0.9995   5.771886E-14   5.378135E-14   0.9318
 1336.6725   0.9998   5.769267E-14   5.298591E-14   0.9184
 1336.7024   1.0000   5.766426E-14   5.547310E-14   0.9620
 1336.7323   1.0000   5.763357E-14   5.824190E-14   1.0106
 1336.7622   1.0000   5.760054E-14   5.732600E-14   0.9952
 1336.7921   1.0000   5.756513E-14   5.880585E-14   1.0216
 1336.8220   1.0000   5.752728E-14   6.136968E-14   1.0668
 1336.8519   1.0000   5.748694E-14   6.005494E-14   1.0447
 1336.8818   1.0000   5.744405E-14   6.046025E-14   1.0525
 1336.9118   1.0000   5.739842E-14   6.055886E-14   1.0551
 1336.9417   1.0000   5.735029E-14   5.703431E-14   0.9945
 1336.9716   1.0000   5.729946E-14   6.153124E-14   1.0739
 1337.0015   1.0000   5.724589E-14   5.121449E-14   0.8946
 1337.0314   1.0000   5.718951E-14   5.047532E-14   0.8826
 1337.0613   1.0000   5.713027E-14   5.411632E-14   0.9472
 1337.0912   1.0000   5.706814E-14   5.444004E-14   0.9539
 1337.1211   1.0000   5.700304E-14   5.511106E-14   0.9668
 1337.1510   1.0000   5.693494E-14   6.252989E-14   1.0983
 1337.1809   1.0000   5.686377E-14   5.993077E-14   1.0539
 1337.2108   1.0000   5.678949E-14   5.913584E-14   1.0413
 1337.2408   1.0000   5.671178E-14   6.186715E-14   1.0909
 1337.2707   1.0000   5.663111E-14   5.609976E-14   0.9906
 1337.3006   1.0000   5.654716E-14   5.561602E-14   0.9835
 1337.3305   1.0000   5.645990E-14   5.485512E-14   0.9716
 1337.3604   1.0000   5.636926E-14   6.196379E-14   1.0992
 1337.3903   1.0000   5.627522E-14   6.104254E-14   1.0847
 1337.4202   1.0000   5.617786E-14   5.874238E-14   1.0456
 1337.4501   1.0000   5.607726E-14   5.927791E-14   1.0571
 1337.4800   1.0000   5.597352E-14   6.024614E-14   1.0763
 1337.5099   1.0000   5.586675E-14   5.639631E-14   1.0095
 1337.5398   1.0000   5.575702E-14   5.507200E-14   0.9877
 1337.5698   1.0000   5.564407E-14   6.082180E-14   1.0931
 1337.5997   1.0000   5.552874E-14   5.538521E-14   0.9974
 1337.6296   1.0000   5.541075E-14   5.526718E-14   0.9974
 1337.6595   1.0000   5.529021E-14   5.404459E-14   0.9775
 1337.6894   1.0000   5.516719E-14   5.081147E-14   0.9210
 1337.7193   1.0000   5.504181E-14   5.075016E-14   0.9220
 1337.7492   1.0000   5.491416E-14   4.951641E-14   0.9017
 1337.7791   1.0000   5.478434E-14   5.148727E-14   0.9398
 1337.8090   1.0000   5.465243E-14   5.150882E-14   0.9425
 1337.8389   1.0000   5.451854E-14   4.924649E-14   0.9033
 1337.8688   1.0000   5.438276E-14   4.982592E-14   0.9162
 1337.8988   1.0000   5.424473E-14   5.011827E-14   0.9239
 1337.9287   1.0000   5.410546E-14   5.233941E-14   0.9674
 1337.9586   1.0000   5.396459E-14   5.048838E-14   0.9356
 1337.9885   1.0000   5.382222E-14   5.354950E-14   0.9949
 1338.0184   1.0000   5.367844E-14   5.264816E-14   0.9808
 1338.0483   1.0000   5.353335E-14   4.770568E-14   0.8911
 1338.0782   1.0000   5.338705E-14   4.831349E-14   0.9050
 1338.1081   1.0000   5.323963E-14   5.332120E-14   1.0015
 1338.1380   1.0000   5.309119E-14   5.201308E-14   0.9797
 1338.1679   1.0000   5.294182E-14   5.480528E-14   1.0352
 1338.1978   1.0000   5.279162E-14   5.542457E-14   1.0499
 1338.2278   1.0000   5.264018E-14   5.682187E-14   1.0794
 1338.2577   1.0000   5.248860E-14   5.188096E-14   0.9884
 1338.2876   1.0000   5.233649E-14   5.422075E-14   1.0360
 1338.3175   1.0000   5.218392E-14   5.366336E-14   1.0284
 1338.3474   1.0000   5.203101E-14   5.211341E-14   1.0016
 1338.3773   1.0000   5.187785E-14   5.111191E-14   0.9852
 1338.4072   1.0000   5.172453E-14   4.957236E-14   0.9584
 1338.4371   1.0000   5.157114E-14   5.043938E-14   0.9781
 1338.4670   1.0000   5.141779E-14   5.064907E-14   0.9850
 1338.4969   1.0000   5.126458E-14   5.215139E-14   1.0173
 1338.5268   1.0000   5.111159E-14   5.220512E-14   1.0214
 1338.5568   1.0000   5.095841E-14   5.043108E-14   0.9897
 1338.5867   1.0000   5.080616E-14   5.290488E-14   1.0413
 1338.6166   1.0000   5.065443E-14   5.196888E-14   1.0259
 1338.6465   1.0000   5.050331E-14   5.377008E-14   1.0647
 1338.6764   1.0000   5.035290E-14   5.389327E-14   1.0703
 1338.7063   1.0000   5.020329E-14   5.421399E-14   1.0799
 1338.7362   1.0000   5.005458E-14   4.613340E-14   0.9217
 1338.7661   1.0000   4.990687E-14   4.730765E-14   0.9479
 1338.7960   1.0000   4.976025E-14   5.049282E-14   1.0147
 1338.8259   1.0000   4.961482E-14   4.829476E-14   0.9734
 1338.8558   1.0000   4.947067E-14   4.820543E-14   0.9744
 1338.8858   1.0000   4.932743E-14   4.859673E-14   0.9852
 1338.9157   1.0000   4.918614E-14   4.658334E-14   0.9471
 1338.9456   1.0000   4.904643E-14   5.038222E-14   1.0272
 1338.9755   1.0000   4.890839E-14   4.641925E-14   0.9491
 1339.0054   1.0000   4.877211E-14   5.090236E-14   1.0437
 1339.0353   1.0000   4.863769E-14   4.895578E-14   1.0065
 1339.0652   1.0000   4.850523E-14   5.106113E-14   1.0527
 1339.0951   1.0000   4.837482E-14   5.009844E-14   1.0356
 1339.1250   1.0000   4.824656E-14   4.555843E-14   0.9443
 1339.1549   1.0000   4.812055E-14   5.083439E-14   1.0564
 1339.1848   1.0000   4.799687E-14   4.758993E-14   0.9915
 1339.2148   1.0000   4.787524E-14   4.678635E-14   0.9773
 1339.2447   1.0000   4.775655E-14   5.097054E-14   1.0673
 1339.2746   1.0000   4.764048E-14   4.659872E-14   0.9781
 1339.3045   1.0000   4.752715E-14   4.751469E-14   0.9997
 1339.3344   1.0000   4.741663E-14   4.615432E-14   0.9734
 1339.3643   1.0000   4.730904E-14   4.522046E-14   0.9559
 1339.3942   1.0000   4.720445E-14   4.814097E-14   1.0198
 1339.4241   1.0000   4.710298E-14   4.558985E-14   0.9679
 1339.4540   1.0000   4.700472E-14   4.644384E-14   0.9881
 1339.4839   1.0000   4.690976E-14   4.821020E-14   1.0277
 1339.5138   1.0000   4.681819E-14   4.820643E-14   1.0297
 1339.5438   1.0000   4.672983E-14   5.151774E-14   1.1025
 1339.5737   1.0000   4.664537E-14   4.284072E-14   0.9184
 1339.6036   1.0000   4.656459E-14   4.659715E-14   1.0007
 1339.6335   1.0000   4.648759E-14   4.945924E-14   1.0639
 1339.6634   1.0000   4.641448E-14   4.921075E-14   1.0602
 1339.6933   1.0000   4.634534E-14   4.546201E-14   0.9809
 1339.7232   1.0000   4.628027E-14   4.657016E-14   1.0063
 1339.7531   1.0000   4.621936E-14   4.804232E-14   1.0394
 1339.7830   1.0000   4.616273E-14   3.954822E-14   0.8567
 1339.8129   1.0000   4.611045E-14   4.759446E-14   1.0322
 1339.8428   1.0000   4.606262E-14   4.690354E-14   1.0183
 1339.8728   1.0000   4.601922E-14   4.488281E-14   0.9753
 1339.9027   1.0000   4.598061E-14   4.398335E-14   0.9566
 1339.9326   1.0000   4.594675E-14   4.337201E-14   0.9440
 1339.9625   1.0000   4.591772E-14   4.918204E-14   1.0711
 1339.9924   1.0000   4.581016E-14   4.221911E-14   0.9216
 1340.0223   1.0000   4.572592E-14   4.724364E-14   1.0332
 1340.0522   1.0000   4.563578E-14   4.598282E-14   1.0076
 1340.0821   1.0000   4.553998E-14   4.841887E-14   1.0632
 1340.1120   1.0000   4.543877E-14   4.858920E-14   1.0693
 1340.1419   1.0000   4.533238E-14   4.523244E-14   0.9978
 1340.1718   0.9999   4.522105E-14   4.481593E-14   0.9910
 1340.2018   0.9996   4.510461E-14   4.410846E-14   0.9779
 1340.2317   0.9989   4.498410E-14   4.319044E-14   0.9601
 1340.2616   0.9973   4.485935E-14   4.235428E-14   0.9442
 1340.2915   0.9939   4.473062E-14   4.777006E-14   1.0679
 1340.3214   0.9873   4.459815E-14   4.856824E-14   1.0890
 1340.3513   0.9761   4.446216E-14   3.909498E-14   0.8793
 1340.3812   0.9588   4.432289E-14   3.899583E-14   0.8798
 1340.4111   0.9351   4.418060E-14   4.305094E-14   0.9744
 1340.4410   0.9066   4.403550E-14   4.244245E-14   0.9638
 1340.4709   0.8769   4.388785E-14   3.718583E-14   0.8473
 1340.5008   0.8507   4.373788E-14   3.832577E-14   0.8763
 1340.5308   0.8323   4.358532E-14   3.810446E-14   0.8742
 1340.5607   0.8250   4.343142E-14   3.244687E-14   0.7471
 1340.5906   0.8299   4.327592E-14   3.494492E-14   0.8075
 1340.6205   0.8462   4.311905E-14   3.632448E-14   0.8424
 1340.6504   0.8711   4.296105E-14   3.623867E-14   0.8435
 1340.6803   0.9005   4.280216E-14   3.767591E-14   0.8802
 1340.7102   0.9296   4.264263E-14   3.985773E-14   0.9347
 1340.7401   0.9544   4.248268E-14   3.758751E-14   0.8848
 1340.7700   0.9731   4.232255E-14   3.956886E-14   0.9349
 1340.7999   0.9855   4.216249E-14   3.900054E-14   0.9250
 1340.8298   0.9928   4.200273E-14   3.979108E-14   0.9473
 1340.8598   0.9968   4.184298E-14   3.933929E-14   0.9402
 1340.8897   0.9987   4.168455E-14   4.315874E-14   1.0354
 1340.9196   0.9995   4.152713E-14   4.098959E-14   0.9871
 1340.9495   0.9998   4.137097E-14   4.281001E-14   1.0348
 1340.9794   0.9999   4.121630E-14   4.325603E-14   1.0495
 1341.0093   1.0000   4.106337E-14   4.315167E-14   1.0509
 1341.0392   1.0000   4.091240E-14   4.192759E-14   1.0248
 1341.0691   1.0000   4.076365E-14   3.899496E-14   0.9566
 1341.0990   1.0000   4.061734E-14   4.005526E-14   0.9862
 1341.1289   1.0000   4.047372E-14   4.223102E-14   1.0434
 1341.1588   1.0000   4.033302E-14   3.878739E-14   0.9617
 1341.1888   1.0000   4.019503E-14   4.100951E-14   1.0203
 1341.2187   1.0000   4.006086E-14   3.953953E-14   0.9870
 1341.2486   1.0000   3.993000E-14   4.287523E-14   1.0738
 1341.2785   1.0000   3.980236E-14   3.893444E-14   0.9782
 1341.3084   1.0000   3.967786E-14   3.515871E-14   0.8861
 1341.3383   1.0000   3.955641E-14   3.908299E-14   0.9880
 1341.3682   1.0000   3.943793E-14   3.657700E-14   0.9275
 1341.3981   1.0000   3.932232E-14   3.771970E-14   0.9592
 1341.4280   1.0000   3.920950E-14   3.575481E-14   0.9119
 1341.4579   1.0000   3.909938E-14   3.878908E-14   0.9921
 1341.4878   1.0000   3.899187E-14   3.422066E-14   0.8776
 1341.5178   1.0000   3.888653E-14   3.860277E-14   0.9927
 1341.5477   1.0000   3.878399E-14   3.747479E-14   0.9662
 1341.5776   1.0000   3.868379E-14   4.129687E-14   1.0675
 1341.6075   1.0000   3.858586E-14   4.100870E-14   1.0628
 1341.6374   1.0000   3.849010E-14   3.714497E-14   0.9651
 1341.6673   1.0000   3.839642E-14   4.001647E-14   1.0422
 1341.6972   1.0000   3.830474E-14   3.904698E-14   1.0194
 1341.7271   1.0000   3.821497E-14   3.906542E-14   1.0223
 1341.7570   1.0000   3.812702E-14   3.687511E-14   0.9672
 1341.7869   1.0000   3.804080E-14   3.735084E-14   0.9819
 1341.8168   1.0000   3.795623E-14   3.805843E-14   1.0027
 1341.8468   1.0000   3.787294E-14   3.963944E-14   1.0466
 1341.8767   1.0000   3.779141E-14   3.534415E-14   0.9352
 1341.9066   1.0000   3.771125E-14   4.029494E-14   1.0685
 1341.9365   1.0000   3.763239E-14   3.994316E-14   1.0614
 1341.9664   1.0000   3.755473E-14   3.678143E-14   0.9794
 1341.9963   1.0000   3.747820E-14   3.926513E-14   1.0477
