   1   235
 1.0000000
 1.0000000
 1.0000000
 1.0000000
 1.0000000
 1.0000000
 1.0000000
 1.0000000
 1.0000000
 1.0000000
 1.0000000
 1.0000000
 1.0000000
 1.0000000
 0.9999999
 0.9999996
 0.9999988
 0.9999966
 0.9999909
 0.9999770
 0.9999440
 0.9998694
 0.9997087
 0.9993778
 0.9987284
 0.9975161
 0.9953701
 0.9917836
 0.9861370
 0.9779218
 0.9668776
 0.9533367
 0.9383415
 0.9234470
 0.9102052
 0.8996255
 0.8919534
 0.8868427
 0.8837057
 0.8819943
 0.8813552
 0.8816316
 0.8828887
 0.8854073
 0.8896697
 0.8962723
 0.9056984
 0.9179721
 0.9323819
 0.9475364
 0.9618549
 0.9739508
 0.9832656
 0.9898494
 0.9941641
 0.9968091
 0.9983364
 0.9991715
 0.9996054
 0.9998201
 0.9999215
 0.9999673
 0.9999869
 0.9999950
 0.9999982
 0.9999993
 0.9999998
 0.9999999
 1.0000000
 1.0000000
 1.0000000
 1.0000000
 1.0000000
 1.0000000
 1.0000000
 1.0000000
 1.0000000
 1.0000000
 1.0000000
 1.0000000
 1.0000000
 1.0000000
 1.0000000
 1.0000000
 1.0000000
 1.0000000
 1.0000000
 1.0000000
 1.0000000
 1.0000000
 1.0000000
 1.0000000
 1.0000000
 1.0000000
 1.0000000
 1.0000000
 1.0000000
 1.0000000
 1.0000000
 1.0000000
 1.0000000
 1.0000000
 1.0000000
 1.0000000
 1.0000000
 1.0000000
 1.0000000
 1.0000000
 1.0000000
 1.0000000
 1.0000000
 1.0000000
 1.0000000
 1.0000000
 1.0000000
 1.0000000
 1.0000000
 1.0000000
 1.0000000
 1.0000000
 1.0000000
 1.0000000
 1.0000000
 1.0000000
 1.0000000
 1.0000000
 1.0000000
 1.0000000
 1.0000000
 1.0000000
 1.0000000
 1.0000000
 1.0000000
 1.0000000
 1.0000000
 1.0000000
 1.0000000
 1.0000000
 1.0000000
 1.0000000
 1.0000000
 1.0000000
 1.0000000
 1.0000000
 1.0000000
 1.0000000
 1.0000000
 1.0000000
 1.0000000
 1.0000000
 1.0000000
 1.0000000
 1.0000000
 1.0000000
 1.0000000
 1.0000000
 1.0000000
 1.0000000
 1.0000000
 1.0000000
 1.0000000
 1.0000000
 1.0000000
 0.9999999
 0.9999996
 0.9999989
 0.9999969
 0.9999921
 0.9999804
 0.9999536
 0.9998950
 0.9997714
 0.9995247
 0.9990541
 0.9981988
 0.9967217
 0.9943051
 0.9905743
 0.9851667
 0.9778500
 0.9686630
 0.9580151
 0.9466281
 0.9355251
 0.9255499
 0.9173175
 0.9111136
 0.9069660
 0.9047814
 0.9044688
 0.9060126
 0.9094833
 0.9149854
 0.9225766
 0.9320198
 0.9428329
 0.9542073
 0.9651914
 0.9749380
 0.9829094
 0.9889477
 0.9932090
 0.9960271
 0.9977828
 0.9988204
 0.9993985
 0.9997064
 0.9998628
 0.9999386
 0.9999737
 0.9999892
 0.9999957
 0.9999984
 0.9999994
 0.9999998
 0.9999999
 1.0000000
 1.0000000
 1.0000000
 1.0000000
 1.0000000
 1.0000000
 1.0000000
 1.0000000
 1.0000000
 1.0000000
 1.0000000
 1.0000000
 1.0000000
 1.0000000
 1.0000000
 1.0000000
 1.0000000
 1.0000000
 1.0000000
