 1147.9814   1.0000   5.361524E-14   5.351013E-14   0.9980
 1148.0113   1.0000   5.369871E-14   5.479660E-14   1.0204
 1148.0412   1.0000   5.379101E-14   5.416545E-14   1.0070
 1148.0711   1.0000   5.389157E-14   5.594701E-14   1.0381
 1148.1010   1.0000   5.399980E-14   5.511349E-14   1.0206
 1148.1310   1.0000   5.411551E-14   5.519010E-14   1.0199
 1148.1609   1.0000   5.423734E-14   5.828425E-14   1.0746
 1148.1908   1.0000   5.436509E-14   5.948931E-14   1.0943
 1148.2207   1.0000   5.449817E-14   5.694830E-14   1.0450
 1148.2506   1.0000   5.463600E-14   5.603379E-14   1.0256
 1148.2805   1.0000   5.477800E-14   5.810163E-14   1.0607
 1148.3104   1.0000   5.492357E-14   5.781005E-14   1.0526
 1148.3403   1.0000   5.507214E-14   5.431094E-14   0.9862
 1148.3702   1.0000   5.522313E-14   5.434819E-14   0.9842
 1148.4001   1.0000   5.537594E-14   5.275161E-14   0.9526
 1148.4300   1.0000   5.553000E-14   5.493186E-14   0.9892
 1148.4600   1.0000   5.568523E-14   5.799879E-14   1.0415
 1148.4899   1.0000   5.584003E-14   5.566520E-14   0.9969
 1148.5198   1.0000   5.599432E-14   5.138596E-14   0.9177
 1148.5497   1.0000   5.614751E-14   5.585635E-14   0.9948
 1148.5796   1.0000   5.629903E-14   5.795408E-14   1.0294
 1148.6095   1.0000   5.644829E-14   5.244036E-14   0.9290
 1148.6394   1.0000   5.659471E-14   5.533572E-14   0.9778
 1148.6693   1.0000   5.673770E-14   5.507537E-14   0.9707
 1148.6992   1.0000   5.687668E-14   5.584789E-14   0.9819
 1148.7291   1.0000   5.701106E-14   5.330522E-14   0.9350
 1148.7590   1.0000   5.714027E-14   5.947142E-14   1.0408
 1148.7890   1.0000   5.726411E-14   5.903363E-14   1.0309
 1148.8189   1.0000   5.738119E-14   5.706114E-14   0.9944
 1148.8488   1.0000   5.749133E-14   5.934783E-14   1.0323
 1148.8787   1.0000   5.759395E-14   5.623822E-14   0.9765
 1148.9086   1.0000   5.768848E-14   5.848719E-14   1.0138
 1148.9385   1.0000   5.777432E-14   5.454795E-14   0.9442
 1148.9684   1.0000   5.785090E-14   5.533726E-14   0.9565
 1148.9983   1.0000   5.791762E-14   5.891634E-14   1.0172
 1149.0282   1.0000   5.797391E-14   5.573597E-14   0.9614
 1149.0581   1.0000   5.801919E-14   5.878774E-14   1.0132
 1149.0880   1.0000   5.805285E-14   5.575989E-14   0.9605
 1149.1180   1.0000   5.807439E-14   6.204758E-14   1.0684
 1149.1479   1.0000   5.808306E-14   5.708185E-14   0.9828
 1149.1778   1.0000   5.807837E-14   6.084233E-14   1.0476
 1149.2077   1.0000   5.805995E-14   6.072528E-14   1.0459
 1149.2376   1.0000   5.802823E-14   5.924230E-14   1.0209
 1149.2675   1.0000   5.798388E-14   6.069979E-14   1.0468
 1149.2974   1.0000   5.792754E-14   6.021648E-14   1.0395
 1149.3273   1.0000   5.785987E-14   5.878833E-14   1.0160
 1149.3572   1.0000   5.778151E-14   5.799608E-14   1.0037
 1149.3871   1.0000   5.769312E-14   5.583520E-14   0.9678
 1149.4170   1.0000   5.759535E-14   6.109051E-14   1.0607
 1149.4470   1.0000   5.748848E-14   5.963220E-14   1.0373
 1149.4769   1.0000   5.737387E-14   5.923821E-14   1.0325
 1149.5068   1.0000   5.725185E-14   5.637160E-14   0.9846
 1149.5367   1.0000   5.712305E-14   5.532617E-14   0.9685
 1149.5666   1.0000   5.698813E-14   5.468360E-14   0.9596
 1149.5965   1.0000   5.684774E-14   5.570015E-14   0.9798
 1149.6264   1.0000   5.670254E-14   5.198402E-14   0.9168
 1149.6563   1.0000   5.655317E-14   5.713498E-14   1.0103
 1149.6862   1.0000   5.640028E-14   5.465153E-14   0.9690
 1149.7161   1.0000   5.624454E-14   5.287758E-14   0.9401
 1149.7460   1.0000   5.608658E-14   5.530466E-14   0.9861
 1149.7760   1.0000   5.592653E-14   5.490777E-14   0.9818
 1149.8059   1.0000   5.576611E-14   5.200007E-14   0.9325
 1149.8358   1.0000   5.560543E-14   5.267949E-14   0.9474
 1149.8657   1.0000   5.544515E-14   5.511243E-14   0.9940
 1149.8956   1.0000   5.528592E-14   5.579182E-14   1.0092
 1149.9255   0.9999   5.512839E-14   5.669689E-14   1.0285
 1149.9554   0.9998   5.497321E-14   5.744950E-14   1.0450
 1149.9853   0.9996   5.482104E-14   5.929276E-14   1.0816
 1150.0152   0.9989   5.467253E-14   5.883054E-14   1.0761
 1150.0451   0.9973   5.452832E-14   6.170014E-14   1.1315
 1150.0750   0.9938   5.438908E-14   5.844779E-14   1.0746
 1150.1050   0.9868   5.425500E-14   5.664873E-14   1.0441
 1150.1349   0.9736   5.412765E-14   5.754140E-14   1.0631
 1150.1648   0.9504   5.400722E-14   5.414785E-14   1.0026
 1150.1947   0.9136   5.389435E-14   5.212222E-14   0.9671
 1150.2246   0.8608   5.378971E-14   4.943104E-14   0.9190
 1150.2545   0.7934   5.369393E-14   4.444667E-14   0.8278
 1150.2844   0.7183   5.360768E-14   4.116822E-14   0.7680
 1150.3143   0.6456   5.353161E-14   3.256854E-14   0.6084
 1150.3442   0.5847   5.346636E-14   3.117549E-14   0.5831
 1150.3741   0.5398   5.341258E-14   2.866082E-14   0.5366
 1150.4040   0.5106   5.337094E-14   2.615938E-14   0.4901
 1150.4340   0.4935   5.334181E-14   2.566345E-14   0.4811
 1150.4639   0.4852   5.332503E-14   2.359970E-14   0.4426
 1150.4938   0.4836   5.331995E-14   2.342810E-14   0.4394
 1150.5237   0.4881   5.332603E-14   2.747634E-14   0.5153
 1150.5536   0.5001   5.334273E-14   2.916053E-14   0.5467
 1150.5835   0.5223   5.336950E-14   2.891250E-14   0.5417
 1150.6134   0.5584   5.340580E-14   3.237525E-14   0.6062
 1150.6433   0.6109   5.345109E-14   3.469418E-14   0.6491
 1150.6732   0.6782   5.350483E-14   4.015529E-14   0.7505
 1150.7031   0.7533   5.356648E-14   4.274600E-14   0.7980
 1150.7330   0.8260   5.363549E-14   4.684357E-14   0.8734
 1150.7630   0.8873   5.371160E-14   4.764836E-14   0.8871
 1150.7929   0.9326   5.379374E-14   4.515554E-14   0.8394
 1150.8228   0.9627   5.388162E-14   4.890116E-14   0.9076
 1150.8527   0.9807   5.397470E-14   4.971010E-14   0.9210
 1150.8826   0.9907   5.407244E-14   5.061579E-14   0.9361
 1150.9125   0.9958   5.417429E-14   5.558495E-14   1.0260
 1150.9424   0.9982   5.427972E-14   5.261772E-14   0.9694
 1150.9723   0.9993   5.438818E-14   5.533336E-14   1.0174
 1151.0022   0.9997   5.449913E-14   5.839036E-14   1.0714
 1151.0321   0.9999   5.461202E-14   5.916202E-14   1.0833
 1151.0620   1.0000   5.472633E-14   5.501366E-14   1.0053
 1151.0920   1.0000   5.484188E-14   5.537220E-14   1.0097
 1151.1219   1.0000   5.495738E-14   5.872019E-14   1.0685
 1151.1518   1.0000   5.507266E-14   5.568362E-14   1.0111
 1151.1817   0.9999   5.518717E-14   5.726084E-14   1.0376
 1151.2116   0.9997   5.530038E-14   5.934317E-14   1.0731
 1151.2415   0.9984   5.541175E-14   5.615258E-14   1.0134
 1151.2714   0.9935   5.552074E-14   5.620041E-14   1.0122
 1151.3013   0.9778   5.562679E-14   5.302159E-14   0.9532
 1151.3312   0.9383   5.572938E-14   5.558059E-14   0.9973
 1151.3611   0.8616   5.582796E-14   4.925527E-14   0.8823
 1151.3910   0.7526   5.592199E-14   4.548728E-14   0.8134
 1151.4210   0.6424   5.601121E-14   3.487573E-14   0.6227
 1151.4509   0.5644   5.609449E-14   3.039513E-14   0.5419
 1151.4808   0.5286   5.617160E-14   2.760404E-14   0.4914
 1151.5107   0.5325   5.624198E-14   3.013441E-14   0.5358
 1151.5406   0.5767   5.630510E-14   3.667725E-14   0.6514
 1151.5705   0.6626   5.636042E-14   3.983003E-14   0.7067
 1151.6004   0.7754   5.640740E-14   4.516934E-14   0.8008
 1151.6303   0.8798   5.644549E-14   5.176577E-14   0.9171
 1151.6602   0.9487   5.647433E-14   5.017027E-14   0.8884
 1151.6901   0.9823   5.649430E-14   5.217779E-14   0.9236
 1151.7200   0.9950   5.650594E-14   5.398330E-14   0.9554
 1151.7500   0.9988   5.650980E-14   5.468380E-14   0.9677
 1151.7799   0.9998   5.650641E-14   5.308151E-14   0.9394
 1151.8098   1.0000   5.649634E-14   5.780895E-14   1.0232
 1151.8397   1.0000   5.648014E-14   5.579794E-14   0.9879
 1151.8696   1.0000   5.645835E-14   5.727760E-14   1.0145
 1151.8995   1.0000   5.643154E-14   5.790618E-14   1.0261
 1151.9294   1.0000   5.640023E-14   5.844070E-14   1.0362
 1151.9593   1.0000   5.636499E-14   5.488525E-14   0.9737
 1151.9892   1.0000   5.632637E-14   5.446279E-14   0.9669
 1152.0191   1.0000   5.628490E-14   5.507056E-14   0.9784
 1152.0490   1.0000   5.624115E-14   5.348231E-14   0.9509
 1152.0790   1.0000   5.619550E-14   5.378544E-14   0.9571
 1152.1089   1.0000   5.614881E-14   5.545560E-14   0.9877
 1152.1388   1.0000   5.610147E-14   5.469276E-14   0.9749
 1152.1687   1.0000   5.605405E-14   5.825157E-14   1.0392
 1152.1986   1.0000   5.600708E-14   5.720591E-14   1.0214
 1152.2285   1.0000   5.596111E-14   5.656025E-14   1.0107
 1152.2584   1.0000   5.591670E-14   5.609257E-14   1.0031
 1152.2883   1.0000   5.587439E-14   5.081409E-14   0.9094
 1152.3182   1.0000   5.583473E-14   5.567962E-14   0.9972
 1152.3481   1.0000   5.579827E-14   5.566470E-14   0.9976
 1152.3780   1.0000   5.576556E-14   5.479104E-14   0.9825
 1152.4080   1.0000   5.573706E-14   5.258061E-14   0.9434
 1152.4379   1.0000   5.571351E-14   5.863929E-14   1.0525
 1152.4678   1.0000   5.569535E-14   5.662520E-14   1.0167
 1152.4977   1.0000   5.568314E-14   5.671711E-14   1.0186
 1152.5276   1.0000   5.567742E-14   5.933260E-14   1.0656
 1152.5575   1.0000   5.567875E-14   5.233480E-14   0.9399
 1152.5874   1.0000   5.568767E-14   4.797650E-14   0.8615
 1152.6173   1.0000   5.570473E-14   3.894736E-14   0.6992
 1152.6472   1.0000   5.573047E-14   3.716273E-14   0.6668
 1152.6771   1.0000   5.576546E-14   3.764378E-14   0.6750
 1152.7070   1.0000   5.581023E-14   3.597821E-14   0.6447
 1152.7369   1.0000   5.586533E-14   3.919082E-14   0.7015
 1152.7669   1.0000   5.593156E-14   4.513804E-14   0.8070
 1152.7968   1.0000   5.600902E-14   5.162736E-14   0.9218
 1152.8267   1.0000   5.609846E-14   5.583721E-14   0.9953
 1152.8566   1.0000   5.620044E-14   6.214929E-14   1.1059
 1152.8865   1.0000   5.631530E-14   6.140886E-14   1.0904
 1152.9164   1.0000   5.644259E-14   5.964177E-14   1.0567
 1152.9463   1.0000   5.658169E-14   5.888894E-14   1.0408
 1152.9762   1.0000   5.673195E-14   5.904346E-14   1.0407
 1153.0061   1.0000   5.689273E-14   5.859286E-14   1.0299
 1153.0360   1.0000   5.706339E-14   6.119340E-14   1.0724
 1153.0659   1.0000   5.724329E-14   6.330673E-14   1.1059
 1153.0959   1.0000   5.743244E-14   6.044368E-14   1.0524
 1153.1258   1.0000   5.762894E-14   5.549682E-14   0.9630
 1153.1557   1.0000   5.783276E-14   5.727137E-14   0.9903
 1153.1856   1.0000   5.804326E-14   5.743667E-14   0.9895
 1153.2155   1.0000   5.825980E-14   5.600422E-14   0.9613
 1153.2454   1.0000   5.848175E-14   6.040982E-14   1.0330
 1153.2753   1.0000   5.870846E-14   5.935169E-14   1.0110
 1153.3052   1.0000   5.893929E-14   5.971237E-14   1.0131
 1153.3351   1.0000   5.917361E-14   6.427109E-14   1.0861
 1153.3650   1.0000   5.941078E-14   5.776570E-14   0.9723
 1153.3949   1.0000   5.965015E-14   6.147054E-14   1.0305
 1153.4249   1.0000   5.989189E-14   6.130014E-14   1.0235
 1153.4548   1.0000   6.013376E-14   5.964658E-14   0.9919
 1153.4847   1.0000   6.037591E-14   6.680629E-14   1.1065
 1153.5146   1.0000   6.061771E-14   6.388805E-14   1.0540
 1153.5445   1.0000   6.085851E-14   6.008050E-14   0.9872
 1153.5744   1.0000   6.109768E-14   6.288829E-14   1.0293
 1153.6043   1.0000   6.133458E-14   6.084618E-14   0.9920
 1153.6342   1.0000   6.156857E-14   6.614858E-14   1.0744
 1153.6641   1.0000   6.179900E-14   6.442069E-14   1.0424
 1153.6940   1.0000   6.202525E-14   6.459452E-14   1.0414
 1153.7239   1.0000   6.224666E-14   6.243150E-14   1.0030
 1153.7539   1.0000   6.246332E-14   6.023555E-14   0.9643
 1153.7838   1.0000   6.267313E-14   6.352919E-14   1.0137
 1153.8137   1.0000   6.287619E-14   6.372282E-14   1.0135
 1153.8436   1.0000   6.307186E-14   6.143211E-14   0.9740
 1153.8735   1.0000   6.325950E-14   6.955580E-14   1.0995
 1153.9034   1.0000   6.343847E-14   6.593002E-14   1.0393
 1153.9333   1.0000   6.360814E-14   6.571127E-14   1.0331
 1153.9632   1.0000   6.376785E-14   6.301809E-14   0.9882
 1153.9931   1.0000   6.391698E-14   5.864471E-14   0.9175
 1154.0230   1.0000   6.405488E-14   6.311806E-14   0.9854
 1154.0529   1.0000   6.418091E-14   5.980810E-14   0.9319
 1154.0829   1.0000   6.429479E-14   6.194851E-14   0.9635
 1154.1128   1.0000   6.439532E-14   6.372976E-14   0.9897
 1154.1427   1.0000   6.448318E-14   6.378380E-14   0.9892
 1154.1726   1.0000   6.455889E-14   6.572686E-14   1.0181
 1154.2025   1.0000   6.462293E-14   6.057395E-14   0.9373
 1154.2324   1.0000   6.467579E-14   6.321184E-14   0.9774
 1154.2623   1.0000   6.471797E-14   6.388912E-14   0.9872
 1154.2922   1.0000   6.474995E-14   6.677609E-14   1.0313
 1154.3221   1.0000   6.477224E-14   6.054244E-14   0.9347
 1154.3520   1.0000   6.478532E-14   5.872556E-14   0.9065
 1154.3819   1.0000   6.478969E-14   6.268172E-14   0.9675
 1154.4119   1.0000   6.478582E-14   6.362326E-14   0.9821
 1154.4418   1.0000   6.477422E-14   6.371072E-14   0.9836
 1154.4717   1.0000   6.475538E-14   6.217577E-14   0.9602
 1154.5016   1.0000   6.472980E-14   6.380414E-14   0.9857
 1154.5315   1.0000   6.469798E-14   6.423079E-14   0.9928
 1154.5614   1.0000   6.466040E-14   6.344254E-14   0.9812
 1154.5913   1.0000   6.461756E-14   6.348111E-14   0.9824
 1154.6212   1.0000   6.456996E-14   6.732575E-14   1.0427
 1154.6511   1.0000   6.451807E-14   6.834554E-14   1.0593
 1154.6810   1.0000   6.446240E-14   7.120278E-14   1.1046
 1154.7109   1.0000   6.440344E-14   6.707036E-14   1.0414
 1154.7409   1.0000   6.434147E-14   6.545276E-14   1.0173
 1154.7708   1.0000   6.427740E-14   6.452786E-14   1.0039
 1154.8007   1.0000   6.421152E-14   6.256224E-14   0.9743
 1154.8306   1.0000   6.414432E-14   6.430743E-14   1.0025
 1154.8605   1.0000   6.407629E-14   6.424639E-14   1.0027
 1154.8904   1.0000   6.400794E-14   6.408401E-14   1.0012
 1154.9203   1.0000   6.393974E-14   6.420639E-14   1.0042
 1154.9502   1.0000   6.387219E-14   6.420686E-14   1.0052
 1154.9801   1.0000   6.380579E-14   6.174237E-14   0.9677
 1155.0100   1.0000   6.374103E-14   6.125182E-14   0.9609
 1155.0399   1.0000   6.367840E-14   6.126530E-14   0.9621
 1155.0699   1.0000   6.361819E-14   6.113270E-14   0.9609
 1155.0998   1.0000   6.356131E-14   6.225049E-14   0.9794
 1155.1297   1.0000   6.350804E-14   6.311545E-14   0.9938
 1155.1596   1.0000   6.345888E-14   6.723267E-14   1.0595
 1155.1895   1.0000   6.341431E-14   6.448043E-14   1.0168
 1155.2194   1.0000   6.337483E-14   6.677126E-14   1.0536
 1155.2493   1.0000   6.334093E-14   6.219507E-14   0.9819
 1155.2792   1.0000   6.331310E-14   6.545022E-14   1.0338
 1155.3091   1.0000   6.329184E-14   6.667130E-14   1.0534
 1155.3390   1.0000   6.327750E-14   6.467865E-14   1.0221
 1155.3689   1.0000   6.326987E-14   6.639324E-14   1.0494
 1155.3989   1.0000   6.326859E-14   6.225728E-14   0.9840
 1155.4288   1.0000   6.327331E-14   6.404542E-14   1.0122
 1155.4587   1.0000   6.328367E-14   6.460973E-14   1.0210
 1155.4886   1.0000   6.329931E-14   6.127941E-14   0.9681
 1155.5185   1.0000   6.331987E-14   6.273795E-14   0.9908
 1155.5484   1.0000   6.334501E-14   6.382178E-14   1.0075
 1155.5783   1.0000   6.337435E-14   6.336679E-14   0.9999
 1155.6082   1.0000   6.340755E-14   6.594556E-14   1.0400
 1155.6381   1.0000   6.344425E-14   6.395056E-14   1.0080
 1155.6680   1.0000   6.348410E-14   6.226679E-14   0.9808
 1155.6979   1.0000   6.352674E-14   6.419269E-14   1.0105
 1155.7279   1.0000   6.357197E-14   6.123994E-14   0.9633
 1155.7578   1.0000   6.361912E-14   5.983317E-14   0.9405
 1155.7877   1.0000   6.366800E-14   6.364758E-14   0.9997
 1155.8176   1.0000   6.371825E-14   5.880636E-14   0.9229
 1155.8475   1.0000   6.376950E-14   5.971465E-14   0.9364
 1155.8774   1.0000   6.382141E-14   6.434709E-14   1.0082
 1155.9073   1.0000   6.387362E-14   6.125758E-14   0.9590
 1155.9372   1.0000   6.392577E-14   5.901160E-14   0.9231
 1155.9671   1.0000   6.397751E-14   5.893434E-14   0.9212
 1155.9970   1.0000   6.402848E-14   6.159264E-14   0.9620
 1156.0269   1.0000   6.407833E-14   6.428142E-14   1.0032
 1156.0569   1.0000   6.412685E-14   7.064530E-14   1.1016
 1156.0868   1.0000   6.417338E-14   6.676361E-14   1.0404
 1156.1167   1.0000   6.421771E-14   6.517386E-14   1.0149
 1156.1466   1.0000   6.425950E-14   6.398080E-14   0.9957
 1156.1765   1.0000   6.429838E-14   6.318066E-14   0.9826
 1156.2064   1.0000   6.433400E-14   6.493766E-14   1.0094
 1156.2363   1.0000   6.436600E-14   6.547652E-14   1.0173
 1156.2662   1.0000   6.439404E-14   6.613513E-14   1.0270
 1156.2961   0.9999   6.441775E-14   6.733371E-14   1.0453
 1156.3260   0.9999   6.443678E-14   6.561069E-14   1.0182
 1156.3559   0.9996   6.445077E-14   6.623655E-14   1.0277
 1156.3859   0.9991   6.445938E-14   6.601806E-14   1.0242
 1156.4158   0.9978   6.446221E-14   6.347307E-14   0.9847
 1156.4457   0.9952   6.445893E-14   6.149864E-14   0.9541
 1156.4756   0.9902   6.444919E-14   6.548371E-14   1.0161
 1156.5055   0.9809   6.443263E-14   6.072749E-14   0.9425
 1156.5354   0.9651   6.440890E-14   6.480003E-14   1.0061
 1156.5653   0.9405   6.437778E-14   6.129676E-14   0.9521
 1156.5952   0.9052   6.433958E-14   6.018287E-14   0.9354
 1156.6251   0.8594   6.429477E-14   5.356887E-14   0.8332
 1156.6550   0.8060   6.424379E-14   4.875461E-14   0.7589
 1156.6849   0.7500   6.418711E-14   4.581437E-14   0.7138
 1156.7149   0.6975   6.412497E-14   4.135096E-14   0.6448
 1156.7448   0.6538   6.405823E-14   4.103098E-14   0.6405
 1156.7747   0.6214   6.398716E-14   3.798558E-14   0.5936
 1156.8046   0.6010   6.391221E-14   3.952122E-14   0.6184
 1156.8345   0.5922   6.383384E-14   3.751572E-14   0.5877
 1156.8644   0.5946   6.375249E-14   4.215031E-14   0.6612
 1156.8943   0.6084   6.366864E-14   3.910157E-14   0.6141
 1156.9242   0.6339   6.358273E-14   4.121851E-14   0.6483
 1156.9541   0.6714   6.349523E-14   4.091060E-14   0.6443
 1156.9840   0.7193   6.340658E-14   4.428975E-14   0.6985
 1157.0139   0.7739   6.331724E-14   5.022283E-14   0.7932
 1157.0439   0.8297   6.322737E-14   4.988825E-14   0.7890
 1157.0738   0.8804   6.313803E-14   5.208014E-14   0.8249
 1157.1037   0.9218   6.304937E-14   5.467013E-14   0.8671
 1157.1336   0.9524   6.296184E-14   5.456873E-14   0.8667
 1157.1635   0.9729   6.287592E-14   5.685149E-14   0.9042
 1157.1934   0.9855   6.279204E-14   5.890315E-14   0.9381
 1157.2233   0.9928   6.271067E-14   6.267403E-14   0.9994
 1157.2532   0.9966   6.263226E-14   5.655739E-14   0.9030
 1157.2831   0.9985   6.255727E-14   5.827249E-14   0.9315
 1157.3130   0.9994   6.248616E-14   6.233561E-14   0.9976
 1157.3429   0.9997   6.241937E-14   6.183411E-14   0.9906
 1157.3729   0.9999   6.235717E-14   6.308420E-14   1.0117
 1157.4028   1.0000   6.230044E-14   6.144310E-14   0.9862
 1157.4327   1.0000   6.224940E-14   6.440128E-14   1.0346
 1157.4626   1.0000   6.220452E-14   6.379395E-14   1.0256
 1157.4925   1.0000   6.216625E-14   6.255837E-14   1.0063
 1157.5224   1.0000   6.213504E-14   6.625796E-14   1.0664
 1157.5523   0.9999   6.211137E-14   6.532507E-14   1.0517
 1157.5822   0.9997   6.209567E-14   6.209400E-14   1.0000
 1157.6121   0.9987   6.208841E-14   6.112406E-14   0.9845
 1157.6420   0.9949   6.209004E-14   6.204416E-14   0.9993
 1157.6719   0.9839   6.210101E-14   6.035752E-14   0.9719
 1157.7019   0.9573   6.212188E-14   5.971709E-14   0.9613
 1157.7318   0.9075   6.215296E-14   5.647661E-14   0.9087
 1157.7617   0.8366   6.219476E-14   5.155672E-14   0.8290
 1157.7916   0.7614   6.224758E-14   4.711580E-14   0.7569
 1157.8215   0.7050   6.231114E-14   4.284013E-14   0.6875
 1157.8514   0.6821   6.238502E-14   4.049132E-14   0.6491
 1157.8813   0.6974   6.246878E-14   4.455548E-14   0.7132
 1157.9112   0.7478   6.256200E-14   4.735681E-14   0.7570
 1157.9411   0.8208   6.266424E-14   4.962681E-14   0.7919
 1157.9710   0.8945   6.277507E-14   5.213330E-14   0.8305
 1158.0009   0.9492   6.289406E-14   5.754628E-14   0.9150
 1158.0309   0.9800   6.302122E-14   5.711024E-14   0.9062
 1158.0608   0.9935   6.315527E-14   5.617741E-14   0.8895
 1158.0907   0.9982   6.329619E-14   6.179164E-14   0.9762
 1158.1206   0.9996   6.344356E-14   6.028470E-14   0.9502
 1158.1505   0.9999   6.359693E-14   6.153662E-14   0.9676
 1158.1804   1.0000   6.375588E-14   6.116130E-14   0.9593
 1158.2103   1.0000   6.391998E-14   6.582729E-14   1.0298
 1158.2402   1.0000   6.408880E-14   6.314907E-14   0.9853
 1158.2701   1.0000   6.426190E-14   6.237314E-14   0.9706
 1158.3000   1.0000   6.443887E-14   6.369667E-14   0.9885
 1158.3299   1.0000   6.461927E-14   6.627706E-14   1.0257
 1158.3599   1.0000   6.480328E-14   6.303594E-14   0.9727
 1158.3898   1.0000   6.498924E-14   6.562936E-14   1.0098
 1158.4197   1.0000   6.517735E-14   6.679184E-14   1.0248
 1158.4496   1.0000   6.536716E-14   6.668565E-14   1.0202
 1158.4795   1.0000   6.555825E-14   6.617483E-14   1.0094
 1158.5094   1.0000   6.575018E-14   6.671596E-14   1.0147
 1158.5393   1.0000   6.594252E-14   6.800520E-14   1.0313
 1158.5692   1.0000   6.613486E-14   6.571142E-14   0.9936
 1158.5991   1.0000   6.632674E-14   6.629096E-14   0.9995
 1158.6290   1.0000   6.651775E-14   6.293373E-14   0.9461
 1158.6589   1.0000   6.670746E-14   6.895302E-14   1.0337
 1158.6889   1.0000   6.689605E-14   6.680480E-14   0.9986
 1158.7188   1.0000   6.708184E-14   6.727597E-14   1.0029
 1158.7487   1.0000   6.726504E-14   7.031028E-14   1.0453
 1158.7786   1.0000   6.744521E-14   6.725779E-14   0.9972
 1158.8085   1.0000   6.762192E-14   6.884768E-14   1.0181
 1158.8384   1.0000   6.779474E-14   6.663089E-14   0.9828
 1158.8683   1.0000   6.796324E-14   7.196738E-14   1.0589
 1158.8982   1.0000   6.812699E-14   7.170410E-14   1.0525
 1158.9281   1.0000   6.828557E-14   6.945094E-14   1.0171
 1158.9580   1.0000   6.843853E-14   7.112767E-14   1.0393
 1158.9879   1.0000   6.858545E-14   7.199601E-14   1.0497
