 1379.9860   1.0000   9.094149E-14   8.769917E-14   0.9643
 1380.0159   1.0000   9.085191E-14   9.070125E-14   0.9983
 1380.0458   1.0000   9.076156E-14   8.868075E-14   0.9771
 1380.0757   1.0000   9.067042E-14   9.001623E-14   0.9928
 1380.1056   1.0000   9.057848E-14   9.340262E-14   1.0312
 1380.1356   1.0000   9.048544E-14   9.010438E-14   0.9958
 1380.1655   1.0000   9.039196E-14   9.114435E-14   1.0083
 1380.1954   1.0000   9.029781E-14   9.144179E-14   1.0127
 1380.2253   1.0000   9.020305E-14   9.030130E-14   1.0011
 1380.2552   1.0000   9.010775E-14   8.993967E-14   0.9981
 1380.2851   1.0000   9.001198E-14   9.334071E-14   1.0370
 1380.3150   1.0000   8.991580E-14   9.542573E-14   1.0613
 1380.3449   1.0000   8.981928E-14   9.161586E-14   1.0200
 1380.3748   1.0000   8.972250E-14   9.039091E-14   1.0074
 1380.4047   1.0000   8.962551E-14   9.274270E-14   1.0348
 1380.4346   1.0000   8.952839E-14   9.184403E-14   1.0259
 1380.4645   1.0000   8.943119E-14   8.701350E-14   0.9730
 1380.4945   1.0000   8.933368E-14   8.869129E-14   0.9928
 1380.5244   1.0000   8.923656E-14   8.923941E-14   1.0000
 1380.5543   1.0000   8.913957E-14   8.929473E-14   1.0017
 1380.5842   0.9999   8.904278E-14   9.075486E-14   1.0192
 1380.6141   0.9999   8.894627E-14   8.903709E-14   1.0010
 1380.6440   0.9997   8.885009E-14   8.947342E-14   1.0070
 1380.6739   0.9994   8.875432E-14   8.755713E-14   0.9865
 1380.7038   0.9987   8.865902E-14   8.857961E-14   0.9991
 1380.7337   0.9975   8.856426E-14   8.913574E-14   1.0065
 1380.7636   0.9954   8.847011E-14   8.892357E-14   1.0051
 1380.7935   0.9918   8.837664E-14   9.017495E-14   1.0203
 1380.8235   0.9861   8.828360E-14   8.953238E-14   1.0141
 1380.8534   0.9779   8.819168E-14   8.777245E-14   0.9952
 1380.8833   0.9669   8.810064E-14   8.370795E-14   0.9501
 1380.9132   0.9533   8.801054E-14   8.078917E-14   0.9179
 1380.9431   0.9383   8.792146E-14   7.962561E-14   0.9056
 1380.9730   0.9234   8.783346E-14   7.991179E-14   0.9098
 1381.0029   0.9102   8.774661E-14   8.074556E-14   0.9202
 1381.0328   0.8996   8.766097E-14   7.620668E-14   0.8693
 1381.0627   0.8920   8.757662E-14   7.746398E-14   0.8845
 1381.0926   0.8868   8.749362E-14   7.685790E-14   0.8784
 1381.1225   0.8837   8.741204E-14   7.528350E-14   0.8612
 1381.1525   0.8820   8.733167E-14   7.742662E-14   0.8866
 1381.1824   0.8814   8.725314E-14   7.664716E-14   0.8784
 1381.2123   0.8816   8.717622E-14   7.843715E-14   0.8998
 1381.2422   0.8829   8.710099E-14   7.446640E-14   0.8549
 1381.2721   0.8854   8.702752E-14   7.591979E-14   0.8724
 1381.3020   0.8897   8.695587E-14   8.192204E-14   0.9421
 1381.3319   0.8963   8.688609E-14   8.195072E-14   0.9432
 1381.3618   0.9057   8.681814E-14   8.368357E-14   0.9639
 1381.3917   0.9180   8.675195E-14   8.628115E-14   0.9946
 1381.4216   0.9324   8.668745E-14   8.303835E-14   0.9579
 1381.4515   0.9475   8.662457E-14   8.308357E-14   0.9591
 1381.4815   0.9619   8.656306E-14   8.207054E-14   0.9481
 1381.5114   0.9740   8.650325E-14   8.403680E-14   0.9715
 1381.5413   0.9833   8.644487E-14   8.487125E-14   0.9818
 1381.5712   0.9898   8.638785E-14   8.364923E-14   0.9683
 1381.6011   0.9942   8.633213E-14   8.548223E-14   0.9902
 1381.6310   0.9968   8.627764E-14   8.317034E-14   0.9640
 1381.6609   0.9983   8.622432E-14   8.672994E-14   1.0059
 1381.6908   0.9992   8.617210E-14   8.538359E-14   0.9908
 1381.7207   0.9996   8.612091E-14   8.711297E-14   1.0115
 1381.7506   0.9998   8.607069E-14   8.620736E-14   1.0016
 1381.7805   0.9999   8.602137E-14   8.779788E-14   1.0207
 1381.8105   1.0000   8.597272E-14   8.951555E-14   1.0412
 1381.8404   1.0000   8.592501E-14   8.620936E-14   1.0033
 1381.8703   1.0000   8.587800E-14   8.579434E-14   0.9990
 1381.9002   1.0000   8.583163E-14   8.304626E-14   0.9675
 1381.9301   1.0000   8.578583E-14   8.331380E-14   0.9712
 1381.9600   1.0000   8.574053E-14   8.547839E-14   0.9969
 1381.9899   1.0000   8.569568E-14   8.799196E-14   1.0268
 1382.0198   1.0000   8.565120E-14   8.699124E-14   1.0156
 1382.0497   1.0000   8.560702E-14   8.658990E-14   1.0115
 1382.0796   1.0000   8.556309E-14   8.652530E-14   1.0112
 1382.1095   1.0000   8.551934E-14   8.230259E-14   0.9624
 1382.1395   1.0000   8.547555E-14   8.848242E-14   1.0352
 1382.1694   1.0000   8.543195E-14   8.841152E-14   1.0349
 1382.1993   1.0000   8.538832E-14   8.518806E-14   0.9977
 1382.2292   1.0000   8.534461E-14   8.309872E-14   0.9737
 1382.2591   1.0000   8.530074E-14   8.173846E-14   0.9582
 1382.2890   1.0000   8.525666E-14   7.953205E-14   0.9329
 1382.3189   1.0000   8.521228E-14   7.942955E-14   0.9321
 1382.3488   1.0000   8.516756E-14   7.880403E-14   0.9253
 1382.3787   1.0000   8.512242E-14   7.796074E-14   0.9159
 1382.4086   1.0000   8.507679E-14   7.815932E-14   0.9187
 1382.4385   1.0000   8.503061E-14   7.931934E-14   0.9328
 1382.4685   1.0000   8.498366E-14   8.128274E-14   0.9565
 1382.4984   1.0000   8.493618E-14   8.184577E-14   0.9636
 1382.5283   1.0000   8.488798E-14   7.979509E-14   0.9400
 1382.5582   1.0000   8.483912E-14   8.183257E-14   0.9646
 1382.5881   1.0000   8.478967E-14   8.160135E-14   0.9624
 1382.6180   1.0000   8.473972E-14   8.463825E-14   0.9988
 1382.6479   1.0000   8.468936E-14   8.114455E-14   0.9581
 1382.6778   1.0000   8.463866E-14   8.369374E-14   0.9888
 1382.7077   1.0000   8.458771E-14   8.818835E-14   1.0426
 1382.7376   1.0000   8.453660E-14   8.704051E-14   1.0296
 1382.7675   1.0000   8.448540E-14   8.585541E-14   1.0162
 1382.7975   1.0000   8.443402E-14   8.349680E-14   0.9889
 1382.8274   1.0000   8.438290E-14   8.328232E-14   0.9870
 1382.8573   1.0000   8.433195E-14   8.619509E-14   1.0221
 1382.8872   1.0000   8.428124E-14   8.503035E-14   1.0089
 1382.9171   1.0000   8.423087E-14   8.558976E-14   1.0161
 1382.9470   1.0000   8.418091E-14   8.138902E-14   0.9668
 1382.9769   1.0000   8.413144E-14   8.430556E-14   1.0021
 1383.0068   1.0000   8.408256E-14   8.758343E-14   1.0416
 1383.0367   1.0000   8.403433E-14   8.335673E-14   0.9919
 1383.0666   1.0000   8.398685E-14   8.547086E-14   1.0177
 1383.0965   1.0000   8.394021E-14   8.443089E-14   1.0058
 1383.1265   1.0000   8.389432E-14   8.262137E-14   0.9848
 1383.1564   1.0000   8.384958E-14   8.576560E-14   1.0229
 1383.1863   1.0000   8.380592E-14   8.087292E-14   0.9650
 1383.2162   1.0000   8.376342E-14   8.620766E-14   1.0292
 1383.2461   1.0000   8.372216E-14   8.054450E-14   0.9620
 1383.2760   1.0000   8.368223E-14   8.485457E-14   1.0140
 1383.3059   1.0000   8.364371E-14   8.596609E-14   1.0278
 1383.3358   1.0000   8.360668E-14   8.369084E-14   1.0010
 1383.3657   1.0000   8.357123E-14   8.594126E-14   1.0284
 1383.3956   1.0000   8.353744E-14   8.356588E-14   1.0003
 1383.4255   1.0000   8.350538E-14   8.623329E-14   1.0327
 1383.4555   1.0000   8.347506E-14   8.638154E-14   1.0348
 1383.4854   1.0000   8.344675E-14   8.342930E-14   0.9998
 1383.5153   1.0000   8.342042E-14   8.125191E-14   0.9740
 1383.5452   1.0000   8.339618E-14   8.086744E-14   0.9697
 1383.5751   1.0000   8.337408E-14   8.095708E-14   0.9710
 1383.6050   1.0000   8.335423E-14   8.146608E-14   0.9773
 1383.6349   1.0000   8.333670E-14   8.024413E-14   0.9629
 1383.6648   1.0000   8.332158E-14   8.063556E-14   0.9678
 1383.6947   1.0000   8.330895E-14   8.190753E-14   0.9832
 1383.7246   1.0000   8.329884E-14   8.163210E-14   0.9800
 1383.7545   1.0000   8.329111E-14   8.431358E-14   1.0123
 1383.7845   1.0000   8.328554E-14   8.408800E-14   1.0096
 1383.8144   1.0000   8.328199E-14   8.624423E-14   1.0356
 1383.8443   1.0000   8.328023E-14   8.485648E-14   1.0189
 1383.8742   1.0000   8.328007E-14   8.615380E-14   1.0345
 1383.9041   1.0000   8.328132E-14   8.244039E-14   0.9899
 1383.9340   1.0000   8.328377E-14   8.316669E-14   0.9986
 1383.9639   1.0000   8.328725E-14   8.286418E-14   0.9949
 1383.9938   1.0000   8.329154E-14   8.227389E-14   0.9878
 1384.0237   1.0000   8.329647E-14   8.139750E-14   0.9772
 1384.0536   1.0000   8.330183E-14   8.397908E-14   1.0081
 1384.0835   1.0000   8.330743E-14   8.415755E-14   1.0102
 1384.1135   1.0000   8.331309E-14   8.380206E-14   1.0059
 1384.1434   1.0000   8.331859E-14   8.380998E-14   1.0059
 1384.1733   1.0000   8.332374E-14   8.372430E-14   1.0048
 1384.2032   1.0000   8.332835E-14   8.353120E-14   1.0024
 1384.2331   1.0000   8.333223E-14   8.351961E-14   1.0022
 1384.2630   1.0000   8.333519E-14   8.387365E-14   1.0065
 1384.2929   1.0000   8.333702E-14   8.102749E-14   0.9723
 1384.3228   1.0000   8.333754E-14   8.392623E-14   1.0071
 1384.3527   1.0000   8.333655E-14   8.199390E-14   0.9839
 1384.3826   1.0000   8.333386E-14   8.303064E-14   0.9964
 1384.4125   1.0000   8.332927E-14   8.398749E-14   1.0079
 1384.4425   1.0000   8.332256E-14   8.504478E-14   1.0207
 1384.4724   1.0000   8.331358E-14   8.476703E-14   1.0174
 1384.5023   1.0000   8.330212E-14   8.257773E-14   0.9913
 1384.5322   1.0000   8.328799E-14   8.017638E-14   0.9626
 1384.5621   1.0000   8.327099E-14   8.020013E-14   0.9631
 1384.5920   1.0000   8.325092E-14   8.163614E-14   0.9806
 1384.6219   1.0000   8.322759E-14   8.219977E-14   0.9877
 1384.6518   1.0000   8.320082E-14   8.085103E-14   0.9718
 1384.6817   1.0000   8.317039E-14   8.493071E-14   1.0212
 1384.7116   1.0000   8.313613E-14   8.290045E-14   0.9972
 1384.7415   1.0000   8.309782E-14   8.153459E-14   0.9812
 1384.7715   1.0000   8.305514E-14   8.609740E-14   1.0366
 1384.8014   1.0000   8.300817E-14   8.457077E-14   1.0188
 1384.8313   1.0000   8.295659E-14   8.380467E-14   1.0102
 1384.8612   1.0000   8.290018E-14   8.027514E-14   0.9683
 1384.8911   1.0000   8.283877E-14   8.368439E-14   1.0102
 1384.9210   1.0000   8.277223E-14   8.589513E-14   1.0377
 1384.9509   1.0000   8.270072E-14   8.374835E-14   1.0127
 1384.9808   1.0000   8.262445E-14   8.403650E-14   1.0171
 1385.0107   1.0000   8.254366E-14   8.414872E-14   1.0194
 1385.0406   1.0000   8.245856E-14   8.573892E-14   1.0398
 1385.0705   0.9999   8.236939E-14   8.105263E-14   0.9840
 1385.1005   0.9998   8.227606E-14   8.320043E-14   1.0112
 1385.1304   0.9995   8.217941E-14   8.286415E-14   1.0083
 1385.1603   0.9991   8.207936E-14   7.862689E-14   0.9579
 1385.1902   0.9982   8.197614E-14   7.643939E-14   0.9325
 1385.2201   0.9967   8.186997E-14   7.914093E-14   0.9667
 1385.2500   0.9943   8.176108E-14   7.930468E-14   0.9700
 1385.2799   0.9906   8.164970E-14   8.046980E-14   0.9855
 1385.3098   0.9852   8.153604E-14   7.831084E-14   0.9604
 1385.3397   0.9778   8.142034E-14   7.733748E-14   0.9499
 1385.3696   0.9687   8.130282E-14   7.588717E-14   0.9334
 1385.3995   0.9580   8.118371E-14   7.469235E-14   0.9200
 1385.4295   0.9466   8.106282E-14   7.116637E-14   0.8779
 1385.4594   0.9355   8.094120E-14   7.589777E-14   0.9377
 1385.4893   0.9255   8.081865E-14   7.770230E-14   0.9614
 1385.5192   0.9173   8.069542E-14   7.514857E-14   0.9313
 1385.5491   0.9111   8.057172E-14   7.373858E-14   0.9152
 1385.5790   0.9070   8.044778E-14   6.837357E-14   0.8499
 1385.6089   0.9048   8.032382E-14   7.168984E-14   0.8925
 1385.6388   0.9045   8.020007E-14   7.070510E-14   0.8816
 1385.6687   0.9060   8.007677E-14   7.187213E-14   0.8975
 1385.6986   0.9095   7.995412E-14   7.155694E-14   0.8950
 1385.7285   0.9150   7.983236E-14   7.152258E-14   0.8959
 1385.7585   0.9226   7.971131E-14   7.757132E-14   0.9732
 1385.7884   0.9320   7.959200E-14   7.349676E-14   0.9234
 1385.8183   0.9428   7.947426E-14   7.775534E-14   0.9784
 1385.8482   0.9542   7.935830E-14   7.658359E-14   0.9650
 1385.8781   0.9652   7.924437E-14   8.070563E-14   1.0184
 1385.9080   0.9749   7.913267E-14   7.853028E-14   0.9924
 1385.9379   0.9829   7.902344E-14   7.957871E-14   1.0070
 1385.9678   0.9889   7.891690E-14   7.953245E-14   1.0078
 1385.9977   0.9932   7.881327E-14   8.045435E-14   1.0208
 1386.0276   0.9960   7.871279E-14   7.744974E-14   0.9840
 1386.0575   0.9978   7.861568E-14   7.774943E-14   0.9890
 1386.0875   0.9988   7.852185E-14   7.523129E-14   0.9581
 1386.1174   0.9994   7.843210E-14   7.821052E-14   0.9972
 1386.1473   0.9997   7.834605E-14   7.819488E-14   0.9981
 1386.1772   0.9999   7.826357E-14   7.706570E-14   0.9847
 1386.2071   0.9999   7.818453E-14   8.119573E-14   1.0385
 1386.2370   1.0000   7.810881E-14   7.361385E-14   0.9425
 1386.2669   1.0000   7.803628E-14   7.880913E-14   1.0099
 1386.2968   1.0000   7.796682E-14   8.112945E-14   1.0406
 1386.3267   1.0000   7.790030E-14   7.909733E-14   1.0154
 1386.3566   1.0000   7.783660E-14   7.862019E-14   1.0101
 1386.3865   1.0000   7.777559E-14   7.712443E-14   0.9916
 1386.4165   1.0000   7.771696E-14   8.110194E-14   1.0436
 1386.4464   1.0000   7.766097E-14   7.850690E-14   1.0109
 1386.4763   1.0000   7.760730E-14   8.379490E-14   1.0797
 1386.5062   1.0000   7.755582E-14   7.799053E-14   1.0056
 1386.5361   1.0000   7.750640E-14   8.056842E-14   1.0395
 1386.5660   1.0000   7.745893E-14   8.170979E-14   1.0549
 1386.5959   1.0000   7.741326E-14   7.383950E-14   0.9538
 1386.6258   1.0000   7.736929E-14   7.899219E-14   1.0210
 1386.6557   1.0000   7.732689E-14   7.775835E-14   1.0056
 1386.6856   1.0000   7.728592E-14   7.674733E-14   0.9930
 1386.7155   1.0000   7.724627E-14   7.366311E-14   0.9536
 1386.7455   1.0000   7.720768E-14   7.197862E-14   0.9323
 1386.7754   1.0000   7.717028E-14   7.481427E-14   0.9695
 1386.8053   1.0000   7.713383E-14   7.024914E-14   0.9107
 1386.8352   1.0000   7.709818E-14   7.250343E-14   0.9404
 1386.8651   1.0000   7.706323E-14   7.036542E-14   0.9131
 1386.8950   1.0000   7.702883E-14   7.861757E-14   1.0206
 1386.9249   1.0000   7.699488E-14   7.553337E-14   0.9810
 1386.9548   1.0000   7.696123E-14   7.465983E-14   0.9701
 1386.9847   1.0000   7.692777E-14   7.616833E-14   0.9901
