 1266.9987   1.0000   6.513520E-14   6.647019E-14   1.0205
 1267.0286   1.0000   6.511446E-14   6.114406E-14   0.9390
 1267.0586   1.0000   6.510430E-14   6.351242E-14   0.9755
 1267.0885   1.0000   6.510442E-14   6.447025E-14   0.9903
 1267.1184   1.0000   6.511439E-14   6.724964E-14   1.0328
 1267.1483   1.0000   6.513384E-14   6.327079E-14   0.9714
 1267.1782   1.0000   6.516239E-14   6.853998E-14   1.0518
 1267.2081   1.0000   6.519967E-14   6.493432E-14   0.9959
 1267.2380   1.0000   6.524531E-14   6.597657E-14   1.0112
 1267.2679   1.0000   6.529892E-14   6.536217E-14   1.0010
 1267.2978   1.0000   6.536014E-14   6.687840E-14   1.0232
 1267.3277   1.0000   6.542860E-14   6.566964E-14   1.0037
 1267.3576   1.0000   6.550391E-14   6.436237E-14   0.9826
 1267.3876   1.0000   6.558599E-14   6.750441E-14   1.0293
 1267.4175   1.0000   6.567391E-14   6.668971E-14   1.0155
 1267.4474   1.0000   6.576757E-14   6.559789E-14   0.9974
 1267.4773   1.0000   6.586659E-14   6.395662E-14   0.9710
 1267.5072   1.0000   6.597059E-14   6.319615E-14   0.9579
 1267.5371   1.0000   6.607920E-14   6.703556E-14   1.0145
 1267.5670   1.0000   6.619205E-14   6.672663E-14   1.0081
 1267.5969   1.0000   6.630876E-14   6.755163E-14   1.0187
 1267.6268   1.0000   6.642896E-14   6.234416E-14   0.9385
 1267.6567   1.0000   6.655227E-14   6.773800E-14   1.0178
 1267.6866   1.0000   6.667832E-14   6.771840E-14   1.0156
 1267.7166   1.0000   6.680717E-14   6.671911E-14   0.9987
 1267.7465   1.0000   6.693758E-14   6.826044E-14   1.0198
 1267.7764   1.0000   6.706961E-14   6.898426E-14   1.0285
 1267.8063   1.0000   6.720287E-14   7.088609E-14   1.0548
 1267.8362   1.0000   6.733701E-14   6.804711E-14   1.0105
 1267.8661   1.0000   6.747163E-14   6.528675E-14   0.9676
 1267.8960   1.0000   6.760638E-14   6.725595E-14   0.9948
 1267.9259   1.0000   6.774087E-14   7.030215E-14   1.0378
 1267.9558   1.0000   6.787472E-14   6.534918E-14   0.9628
 1267.9857   1.0000   6.800757E-14   6.675642E-14   0.9816
 1268.0156   1.0000   6.813905E-14   6.653395E-14   0.9764
 1268.0456   1.0000   6.826919E-14   6.558527E-14   0.9607
 1268.0755   1.0000   6.839678E-14   6.634963E-14   0.9701
 1268.1054   1.0000   6.852186E-14   7.025338E-14   1.0253
 1268.1353   1.0000   6.864406E-14   6.668306E-14   0.9714
 1268.1652   1.0000   6.876301E-14   7.034371E-14   1.0230
 1268.1951   1.0000   6.887833E-14   7.063832E-14   1.0256
 1268.2250   1.0000   6.898965E-14   6.609183E-14   0.9580
 1268.2549   1.0000   6.909660E-14   6.828855E-14   0.9883
 1268.2848   1.0000   6.919880E-14   7.081264E-14   1.0233
 1268.3147   1.0000   6.929587E-14   6.990799E-14   1.0088
 1268.3446   1.0000   6.938745E-14   6.906556E-14   0.9954
 1268.3746   1.0000   6.947343E-14   6.679295E-14   0.9614
 1268.4045   0.9999   6.955286E-14   6.373063E-14   0.9163
 1268.4344   0.9998   6.962568E-14   7.207613E-14   1.0352
 1268.4643   0.9995   6.969161E-14   7.131991E-14   1.0234
 1268.4942   0.9988   6.975086E-14   7.416624E-14   1.0633
 1268.5241   0.9976   6.980375E-14   7.385898E-14   1.0581
 1268.5540   0.9953   6.985059E-14   7.221413E-14   1.0338
 1268.5839   0.9912   6.989170E-14   6.855735E-14   0.9809
 1268.6138   0.9843   6.992740E-14   6.791781E-14   0.9713
 1268.6437   0.9737   6.995800E-14   6.354970E-14   0.9084
 1268.6736   0.9582   6.998382E-14   6.694924E-14   0.9566
 1268.7036   0.9370   7.000524E-14   6.477435E-14   0.9253
 1268.7335   0.9101   7.002244E-14   6.144725E-14   0.8775
 1268.7634   0.8786   7.003581E-14   5.909329E-14   0.8438
 1268.7933   0.8446   7.004567E-14   5.430543E-14   0.7753
 1268.8232   0.8110   7.005233E-14   5.492775E-14   0.7841
 1268.8531   0.7813   7.005612E-14   5.223867E-14   0.7457
 1268.8830   0.7587   7.005734E-14   5.360534E-14   0.7652
 1268.9129   0.7456   7.005632E-14   5.302181E-14   0.7568
 1268.9428   0.7434   7.005337E-14   5.205268E-14   0.7430
 1268.9727   0.7524   7.004881E-14   5.153497E-14   0.7357
 1269.0026   0.7716   7.004296E-14   5.188894E-14   0.7408
 1269.0326   0.7990   7.003611E-14   5.569146E-14   0.7952
 1269.0625   0.8315   7.002861E-14   5.545654E-14   0.7919
 1269.0924   0.8658   7.002078E-14   6.302701E-14   0.9001
 1269.1223   0.8986   7.001292E-14   6.245386E-14   0.8920
 1269.1522   0.9274   7.000535E-14   6.378287E-14   0.9111
 1269.1821   0.9508   6.999839E-14   6.644194E-14   0.9492
 1269.2120   0.9684   6.999235E-14   6.838757E-14   0.9771
 1269.2419   0.9808   6.998756E-14   6.534180E-14   0.9336
 1269.2718   0.9889   6.998432E-14   6.595542E-14   0.9424
 1269.3017   0.9939   6.998296E-14   6.821636E-14   0.9748
 1269.3316   0.9969   6.998379E-14   6.598719E-14   0.9429
 1269.3616   0.9985   6.998714E-14   6.613029E-14   0.9449
 1269.3915   0.9993   6.999331E-14   6.558632E-14   0.9370
 1269.4214   0.9997   7.000263E-14   6.849138E-14   0.9784
 1269.4513   0.9999   7.001541E-14   6.770629E-14   0.9670
 1269.4812   0.9999   7.003196E-14   7.114678E-14   1.0159
 1269.5111   1.0000   7.005261E-14   7.358096E-14   1.0504
 1269.5410   1.0000   7.007767E-14   7.483967E-14   1.0680
 1269.5709   1.0000   7.010745E-14   7.135590E-14   1.0178
 1269.6008   1.0000   7.014228E-14   7.292624E-14   1.0397
 1269.6307   1.0000   7.018247E-14   6.977003E-14   0.9941
 1269.6606   1.0000   7.022834E-14   7.185698E-14   1.0232
 1269.6906   1.0000   7.028039E-14   7.101236E-14   1.0104
 1269.7205   1.0000   7.033858E-14   7.019910E-14   0.9980
 1269.7504   1.0000   7.040341E-14   7.051114E-14   1.0015
 1269.7803   1.0000   7.047518E-14   7.022629E-14   0.9965
 1269.8102   1.0000   7.055421E-14   7.556685E-14   1.0710
 1269.8401   1.0000   7.064082E-14   6.967533E-14   0.9863
 1269.8700   1.0000   7.073533E-14   7.443610E-14   1.0523
 1269.8999   1.0000   7.083795E-14   7.277239E-14   1.0273
 1269.9298   1.0000   7.094843E-14   6.743213E-14   0.9504
 1269.9597   1.0000   7.106643E-14   6.754939E-14   0.9505
 1269.9896   1.0000   7.119162E-14   6.518615E-14   0.9156
 1270.0196   1.0000   7.132410E-14   6.577690E-14   0.9222
 1270.0495   1.0000   7.146264E-14   6.456570E-14   0.9035
 1270.0794   1.0000   7.160733E-14   6.788243E-14   0.9480
 1270.1093   1.0000   7.175782E-14   7.386732E-14   1.0294
 1270.1392   1.0000   7.191377E-14   6.766157E-14   0.9409
 1270.1691   1.0000   7.207484E-14   7.566373E-14   1.0498
 1270.1990   1.0000   7.224068E-14   7.180678E-14   0.9940
 1270.2289   1.0000   7.241096E-14   7.258827E-14   1.0024
 1270.2588   1.0000   7.258531E-14   7.445506E-14   1.0258
 1270.2887   1.0000   7.276341E-14   7.282601E-14   1.0009
 1270.3186   1.0000   7.294490E-14   7.231134E-14   0.9913
 1270.3486   1.0000   7.313007E-14   6.792393E-14   0.9288
 1270.3785   1.0000   7.331734E-14   6.304860E-14   0.8599
 1270.4084   1.0000   7.350697E-14   6.108724E-14   0.8310
 1270.4383   1.0000   7.369862E-14   5.317112E-14   0.7215
 1270.4682   1.0000   7.389195E-14   5.183197E-14   0.7015
 1270.4981   1.0000   7.408660E-14   4.676006E-14   0.6312
 1270.5280   1.0000   7.428225E-14   4.916378E-14   0.6619
 1270.5579   1.0000   7.447854E-14   4.675933E-14   0.6278
 1270.5878   1.0000   7.467514E-14   5.414243E-14   0.7250
 1270.6177   1.0000   7.487169E-14   5.805291E-14   0.7754
 1270.6476   1.0000   7.506785E-14   6.238625E-14   0.8311
 1270.6776   1.0000   7.526394E-14   6.396687E-14   0.8499
 1270.7075   1.0000   7.545829E-14   6.533209E-14   0.8658
 1270.7374   1.0000   7.565122E-14   6.707607E-14   0.8866
 1270.7673   1.0000   7.584239E-14   7.107672E-14   0.9372
 1270.7972   1.0000   7.603145E-14   7.088247E-14   0.9323
 1270.8271   1.0000   7.621806E-14   7.172524E-14   0.9411
 1270.8570   1.0000   7.640188E-14   7.464765E-14   0.9770
 1270.8869   1.0000   7.658255E-14   7.554272E-14   0.9864
 1270.9168   1.0000   7.675974E-14   7.709061E-14   1.0043
 1270.9467   1.0000   7.693311E-14   7.396302E-14   0.9614
 1270.9766   1.0000   7.710230E-14   7.887914E-14   1.0230
 1271.0066   1.0000   7.726752E-14   7.901729E-14   1.0226
 1271.0365   1.0000   7.742733E-14   7.711998E-14   0.9960
 1271.0664   1.0000   7.758192E-14   8.291920E-14   1.0688
 1271.0963   1.0000   7.773097E-14   7.845362E-14   1.0093
 1271.1262   1.0000   7.787413E-14   7.550865E-14   0.9696
 1271.1561   1.0000   7.801106E-14   7.625818E-14   0.9775
 1271.1860   1.0000   7.814140E-14   7.314840E-14   0.9361
 1271.2159   1.0000   7.826482E-14   7.640043E-14   0.9762
 1271.2458   1.0000   7.838097E-14   8.084341E-14   1.0314
 1271.2757   1.0000   7.848951E-14   8.051869E-14   1.0259
 1271.3056   1.0000   7.859010E-14   8.182292E-14   1.0411
 1271.3356   1.0000   7.868277E-14   8.246124E-14   1.0480
 1271.3655   1.0000   7.876701E-14   8.101940E-14   1.0286
 1271.3954   1.0000   7.884335E-14   7.975637E-14   1.0116
 1271.4253   1.0000   7.891197E-14   8.234024E-14   1.0434
 1271.4552   1.0000   7.897307E-14   7.933914E-14   1.0046
 1271.4851   1.0000   7.902684E-14   8.095401E-14   1.0244
 1271.5150   1.0000   7.907348E-14   7.723574E-14   0.9768
 1271.5449   1.0000   7.911318E-14   7.507995E-14   0.9490
 1271.5748   1.0000   7.914614E-14   7.709254E-14   0.9741
 1271.6047   1.0000   7.917255E-14   8.024022E-14   1.0135
 1271.6346   1.0000   7.919260E-14   8.016565E-14   1.0123
 1271.6646   1.0000   7.920652E-14   7.932982E-14   1.0016
 1271.6945   1.0000   7.921442E-14   7.761985E-14   0.9799
 1271.7244   1.0000   7.921655E-14   7.068773E-14   0.8923
 1271.7543   1.0000   7.921310E-14   7.375298E-14   0.9311
 1271.7842   1.0000   7.920426E-14   7.139997E-14   0.9015
 1271.8141   1.0000   7.919023E-14   6.936721E-14   0.8760
 1271.8440   1.0000   7.917120E-14   6.391611E-14   0.8073
 1271.8739   1.0000   7.914738E-14   6.649308E-14   0.8401
 1271.9038   1.0000   7.911894E-14   6.473757E-14   0.8182
 1271.9337   1.0000   7.908609E-14   6.943548E-14   0.8780
 1271.9636   1.0000   7.904902E-14   7.072350E-14   0.8947
 1271.9936   1.0000   7.900777E-14   7.571410E-14   0.9583
 1272.0235   1.0000   7.896283E-14   7.518267E-14   0.9521
 1272.0534   1.0000   7.891425E-14   7.536135E-14   0.9550
 1272.0833   1.0000   7.886223E-14   7.715330E-14   0.9783
 1272.1132   1.0000   7.880695E-14   7.615505E-14   0.9663
 1272.1431   1.0000   7.874863E-14   7.567900E-14   0.9610
 1272.1730   1.0000   7.868744E-14   7.662385E-14   0.9738
 1272.2029   1.0000   7.862358E-14   7.777839E-14   0.9893
 1272.2328   1.0000   7.855725E-14   7.309177E-14   0.9304
 1272.2627   1.0000   7.848865E-14   7.695650E-14   0.9805
 1272.2926   1.0000   7.841796E-14   7.970312E-14   1.0164
 1272.3226   1.0000   7.834513E-14   8.226446E-14   1.0500
 1272.3525   1.0000   7.827084E-14   8.156019E-14   1.0420
 1272.3824   1.0000   7.819506E-14   8.363772E-14   1.0696
 1272.4123   1.0000   7.811797E-14   7.823237E-14   1.0015
 1272.4422   1.0000   7.803976E-14   7.740617E-14   0.9919
 1272.4721   1.0000   7.796064E-14   7.753005E-14   0.9945
 1272.5020   1.0000   7.788079E-14   7.789386E-14   1.0002
 1272.5319   1.0000   7.780041E-14   7.994318E-14   1.0275
 1272.5618   1.0000   7.771969E-14   7.989665E-14   1.0280
 1272.5917   1.0000   7.763883E-14   7.790302E-14   1.0034
 1272.6216   1.0000   7.755803E-14   8.094968E-14   1.0437
 1272.6516   1.0000   7.747719E-14   7.856201E-14   1.0140
 1272.6815   1.0000   7.739707E-14   7.827966E-14   1.0114
 1272.7114   1.0000   7.731759E-14   7.751771E-14   1.0026
 1272.7413   1.0000   7.723893E-14   7.529004E-14   0.9748
 1272.7712   1.0000   7.716125E-14   7.280581E-14   0.9436
 1272.8011   1.0000   7.708449E-14   7.050633E-14   0.9147
 1272.8310   1.0000   7.700858E-14   6.806986E-14   0.8839
 1272.8609   1.0000   7.693340E-14   6.182545E-14   0.8036
 1272.8908   1.0000   7.685887E-14   5.921519E-14   0.7704
 1272.9207   1.0000   7.678490E-14   5.824258E-14   0.7585
 1272.9506   1.0000   7.671139E-14   6.241660E-14   0.8137
 1272.9806   1.0000   7.663801E-14   6.765004E-14   0.8827
 1273.0105   1.0000   7.656514E-14   7.588077E-14   0.9911
 1273.0404   1.0000   7.649245E-14   7.706972E-14   1.0075
 1273.0703   1.0000   7.641985E-14   7.582454E-14   0.9922
 1273.1002   1.0000   7.634725E-14   7.866002E-14   1.0303
 1273.1301   1.0000   7.627454E-14   7.374178E-14   0.9668
 1273.1600   1.0000   7.620164E-14   7.948980E-14   1.0432
 1273.1899   1.0000   7.612845E-14   7.732659E-14   1.0157
 1273.2198   1.0000   7.605488E-14   7.383482E-14   0.9708
 1273.2497   1.0000   7.598084E-14   7.534064E-14   0.9916
 1273.2796   1.0000   7.590623E-14   7.340149E-14   0.9670
 1273.3096   1.0000   7.583070E-14   7.981124E-14   1.0525
 1273.3395   1.0000   7.575467E-14   7.859674E-14   1.0375
 1273.3694   1.0000   7.567779E-14   7.508054E-14   0.9921
 1273.3993   1.0000   7.559996E-14   7.341823E-14   0.9711
 1273.4292   1.0000   7.552110E-14   7.700891E-14   1.0197
 1273.4591   1.0000   7.544111E-14   7.386474E-14   0.9791
 1273.4890   1.0000   7.535989E-14   7.544277E-14   1.0011
 1273.5189   1.0000   7.527736E-14   7.332476E-14   0.9741
 1273.5488   1.0000   7.519342E-14   7.134058E-14   0.9488
 1273.5787   1.0000   7.510797E-14   7.565937E-14   1.0073
 1273.6086   1.0000   7.502093E-14   7.156487E-14   0.9539
 1273.6386   1.0000   7.493189E-14   7.120598E-14   0.9503
 1273.6685   1.0000   7.484136E-14   7.528519E-14   1.0059
 1273.6984   1.0000   7.474895E-14   7.588391E-14   1.0152
 1273.7283   1.0000   7.465457E-14   7.370627E-14   0.9873
 1273.7582   1.0000   7.455812E-14   7.936843E-14   1.0645
 1273.7881   1.0000   7.445952E-14   7.879636E-14   1.0582
 1273.8180   1.0000   7.435866E-14   7.678753E-14   1.0327
 1273.8479   1.0000   7.425545E-14   7.758093E-14   1.0448
 1273.8778   1.0000   7.414980E-14   7.563111E-14   1.0200
 1273.9077   1.0000   7.404162E-14   7.389873E-14   0.9981
 1273.9376   1.0000   7.393081E-14   7.455910E-14   1.0085
 1273.9676   1.0000   7.381689E-14   7.186562E-14   0.9736
 1273.9975   1.0000   7.370053E-14   7.381646E-14   1.0016
 1274.0274   1.0000   7.358127E-14   7.041586E-14   0.9570
 1274.0573   1.0000   7.345900E-14   7.151224E-14   0.9735
 1274.0872   1.0000   7.333363E-14   7.296529E-14   0.9950
 1274.1171   1.0000   7.320508E-14   7.161144E-14   0.9782
 1274.1470   1.0000   7.307324E-14   6.970943E-14   0.9540
 1274.1769   1.0000   7.293803E-14   6.941371E-14   0.9517
 1274.2068   1.0000   7.279942E-14   6.873698E-14   0.9442
 1274.2367   1.0000   7.265770E-14   7.479342E-14   1.0294
 1274.2666   1.0000   7.251325E-14   7.570405E-14   1.0440
 1274.2966   1.0000   7.236591E-14   7.211759E-14   0.9966
 1274.3265   1.0000   7.221705E-14   7.447758E-14   1.0313
 1274.3564   1.0000   7.206654E-14   7.320199E-14   1.0158
 1274.3863   1.0000   7.191474E-14   6.957218E-14   0.9674
 1274.4162   1.0000   7.176202E-14   7.334766E-14   1.0221
 1274.4461   1.0000   7.160874E-14   7.274359E-14   1.0158
 1274.4760   1.0000   7.145526E-14   7.293270E-14   1.0207
 1274.5059   1.0000   7.130195E-14   7.227418E-14   1.0136
 1274.5358   1.0000   7.114917E-14   7.288481E-14   1.0244
 1274.5657   1.0000   7.099728E-14   7.354551E-14   1.0359
 1274.5956   1.0000   7.084665E-14   7.677494E-14   1.0837
 1274.6256   1.0000   7.069715E-14   7.330082E-14   1.0368
 1274.6555   1.0000   7.055013E-14   6.831429E-14   0.9683
 1274.6854   1.0000   7.040546E-14   6.548642E-14   0.9301
 1274.7153   1.0000   7.026351E-14   7.282833E-14   1.0365
 1274.7452   1.0000   7.012463E-14   7.186221E-14   1.0248
 1274.7751   1.0000   6.998920E-14   6.917554E-14   0.9884
 1274.8050   1.0000   6.985756E-14   7.173126E-14   1.0268
 1274.8349   1.0000   6.973010E-14   7.073619E-14   1.0144
 1274.8648   1.0000   6.960717E-14   7.058067E-14   1.0140
 1274.8947   1.0000   6.948913E-14   7.140577E-14   1.0276
 1274.9246   1.0000   6.937635E-14   6.638820E-14   0.9569
 1274.9546   1.0000   6.926884E-14   6.814322E-14   0.9837
 1274.9845   1.0000   6.916769E-14   6.694340E-14   0.9678
 1275.0144   1.0000   6.907289E-14   6.671437E-14   0.9659
 1275.0443   1.0000   6.898480E-14   6.860590E-14   0.9945
 1275.0742   1.0000   6.890379E-14   6.359528E-14   0.9230
 1275.1041   1.0000   6.883022E-14   6.429996E-14   0.9342
 1275.1340   1.0000   6.876446E-14   6.404694E-14   0.9314
 1275.1639   1.0000   6.870686E-14   6.516830E-14   0.9485
 1275.1938   1.0000   6.865780E-14   7.195160E-14   1.0480
 1275.2237   1.0000   6.861763E-14   6.960724E-14   1.0144
 1275.2536   1.0000   6.858672E-14   6.818118E-14   0.9941
 1275.2836   1.0000   6.856538E-14   6.652079E-14   0.9702
 1275.3135   1.0000   6.855412E-14   6.334228E-14   0.9240
 1275.3434   1.0000   6.855320E-14   6.690368E-14   0.9759
 1275.3733   1.0000   6.856300E-14   6.859081E-14   1.0004
 1275.4032   1.0000   6.858388E-14   6.673781E-14   0.9731
 1275.4331   0.9999   6.861620E-14   6.751327E-14   0.9839
 1275.4630   0.9998   6.866033E-14   7.078476E-14   1.0309
 1275.4929   0.9995   6.871662E-14   6.898298E-14   1.0039
 1275.5228   0.9990   6.878545E-14   6.905192E-14   1.0039
 1275.5527   0.9981   6.886717E-14   7.214479E-14   1.0476
 1275.5826   0.9964   6.896216E-14   6.747560E-14   0.9784
 1275.6126   0.9935   6.907115E-14   7.156538E-14   1.0361
 1275.6425   0.9888   6.919362E-14   7.267569E-14   1.0503
 1275.6724   0.9819   6.932942E-14   7.135607E-14   1.0292
 1275.7023   0.9721   6.947789E-14   7.059959E-14   1.0161
 1275.7322   0.9593   6.963838E-14   6.987326E-14   1.0034
 1275.7621   0.9436   6.981023E-14   7.043670E-14   1.0090
 1275.7920   0.9258   6.999277E-14   7.148305E-14   1.0213
 1275.8219   0.9073   7.018536E-14   7.212585E-14   1.0276
 1275.8518   0.8899   7.038734E-14   7.309598E-14   1.0385
 1275.8817   0.8754   7.059804E-14   7.010034E-14   0.9930
 1275.9116   0.8657   7.081682E-14   6.691997E-14   0.9450
 1275.9416   0.8619   7.104378E-14   6.162064E-14   0.8674
 1275.9715   0.8646   7.127676E-14   5.990185E-14   0.8404
 1276.0014   0.8734   7.151583E-14   5.818719E-14   0.8136
 1276.0313   0.8871   7.176034E-14   6.384102E-14   0.8896
 1276.0612   0.9042   7.200964E-14   6.778628E-14   0.9414
 1276.0911   0.9227   7.226307E-14   7.065592E-14   0.9778
 1276.1210   0.9407   7.251996E-14   7.138371E-14   0.9843
 1276.1509   0.9568   7.277967E-14   7.518880E-14   1.0331
 1276.1808   0.9702   7.304154E-14   7.473232E-14   1.0231
 1276.2107   0.9804   7.330490E-14   7.452270E-14   1.0166
 1276.2406   0.9878   7.356911E-14   7.780417E-14   1.0576
 1276.2706   0.9928   7.383439E-14   8.075704E-14   1.0938
 1276.3005   0.9960   7.409830E-14   7.613609E-14   1.0275
 1276.3304   0.9979   7.436109E-14   8.055304E-14   1.0833
 1276.3603   0.9989   7.462208E-14   8.465129E-14   1.1344
 1276.3902   0.9995   7.488063E-14   7.787944E-14   1.0400
 1276.4201   0.9998   7.513608E-14   7.497365E-14   0.9978
 1276.4500   0.9999   7.538777E-14   7.010493E-14   0.9299
 1276.4799   1.0000   7.563503E-14   7.150718E-14   0.9454
 1276.5098   1.0000   7.587723E-14   7.055705E-14   0.9299
 1276.5397   1.0000   7.611369E-14   7.463632E-14   0.9806
 1276.5696   1.0000   7.634377E-14   7.653221E-14   1.0025
 1276.5996   1.0000   7.656753E-14   7.434735E-14   0.9710
 1276.6295   1.0000   7.678283E-14   7.801048E-14   1.0160
 1276.6594   1.0000   7.698976E-14   8.233258E-14   1.0694
 1276.6893   1.0000   7.718768E-14   7.904945E-14   1.0241
 1276.7192   1.0000   7.737592E-14   7.833591E-14   1.0124
 1276.7491   1.0000   7.755383E-14   7.812688E-14   1.0074
 1276.7790   1.0000   7.772075E-14   7.607521E-14   0.9788
 1276.8089   1.0000   7.787601E-14   7.602601E-14   0.9762
 1276.8388   1.0000   7.801898E-14   7.673117E-14   0.9835
 1276.8687   1.0000   7.814898E-14   7.837357E-14   1.0029
 1276.8986   1.0000   7.826536E-14   7.567846E-14   0.9669
 1276.9286   1.0000   7.836778E-14   7.852177E-14   1.0020
 1276.9585   1.0000   7.845491E-14   7.181403E-14   0.9154
 1276.9884   1.0000   7.852643E-14   7.790214E-14   0.9920
 1277.0183   1.0000   7.858171E-14   7.603684E-14   0.9676
 1277.0482   1.0000   7.862008E-14   7.299999E-14   0.9285
 1277.0781   1.0000   7.864113E-14   7.623151E-14   0.9694
 1277.1080   1.0000   7.864537E-14   7.061987E-14   0.8980
 1277.1379   1.0000   7.863359E-14   7.722002E-14   0.9820
 1277.1678   1.0000   7.860654E-14   7.055476E-14   0.8976
 1277.1977   1.0000   7.856498E-14   7.020438E-14   0.8936
 1277.2276   1.0000   7.850970E-14   7.094036E-14   0.9036
 1277.2576   1.0000   7.844120E-14   7.338740E-14   0.9356
 1277.2875   1.0000   7.836071E-14   7.261098E-14   0.9266
 1277.3174   1.0000   7.826879E-14   7.181213E-14   0.9175
 1277.3473   1.0000   7.816620E-14   7.836371E-14   1.0025
 1277.3772   1.0000   7.805371E-14   7.614074E-14   0.9755
 1277.4071   1.0000   7.793210E-14   7.706787E-14   0.9889
 1277.4370   1.0000   7.780211E-14   7.629339E-14   0.9806
 1277.4669   1.0000   7.766453E-14   7.650262E-14   0.9850
 1277.4968   1.0000   7.752012E-14   7.520978E-14   0.9702
 1277.5267   1.0000   7.736964E-14   7.983021E-14   1.0318
 1277.5566   1.0000   7.721386E-14   7.426833E-14   0.9619
 1277.5866   1.0000   7.705300E-14   7.160286E-14   0.9293
 1277.6165   1.0000   7.688891E-14   7.499362E-14   0.9754
 1277.6464   1.0000   7.672181E-14   7.785059E-14   1.0147
 1277.6763   1.0000   7.655249E-14   7.488356E-14   0.9782
 1277.7062   1.0000   7.638170E-14   7.474523E-14   0.9786
 1277.7361   1.0000   7.621022E-14   7.764567E-14   1.0188
 1277.7660   1.0000   7.603880E-14   8.239479E-14   1.0836
 1277.7959   1.0000   7.586821E-14   7.574059E-14   0.9983
 1277.8258   1.0000   7.569923E-14   8.027742E-14   1.0605
 1277.8557   1.0000   7.553261E-14   8.080695E-14   1.0698
 1277.8856   1.0000   7.536912E-14   8.189252E-14   1.0866
 1277.9156   1.0000   7.520901E-14   7.857519E-14   1.0448
 1277.9455   1.0000   7.505411E-14   8.018756E-14   1.0684
 1277.9754   1.0000   7.490464E-14   7.851062E-14   1.0481
 1278.0053   1.0000   7.476138E-14   7.726198E-14   1.0334
 1278.0352   1.0000   7.462508E-14   7.783209E-14   1.0430
 1278.0651   1.0000   7.449651E-14   7.777685E-14   1.0440
 1278.0950   1.0000   7.437645E-14   7.419212E-14   0.9975
 1278.1249   1.0000   7.426565E-14   7.616446E-14   1.0256
 1278.1548   1.0000   7.416489E-14   8.173543E-14   1.1021
 1278.1847   1.0000   7.407492E-14   7.611633E-14   1.0276
 1278.2146   1.0000   7.399653E-14   7.920936E-14   1.0704
 1278.2446   1.0000   7.393026E-14   7.629176E-14   1.0319
 1278.2745   1.0000   7.387734E-14   7.953231E-14   1.0765
 1278.3044   1.0000   7.383829E-14   7.833055E-14   1.0608
 1278.3343   1.0000   7.381387E-14   7.749772E-14   1.0499
 1278.3642   1.0000   7.380485E-14   7.562411E-14   1.0246
 1278.3941   1.0000   7.381200E-14   7.989768E-14   1.0824
 1278.4240   1.0000   7.383608E-14   7.901282E-14   1.0701
 1278.4539   1.0000   7.387786E-14   7.625824E-14   1.0322
 1278.4838   1.0000   7.393811E-14   7.104357E-14   0.9609
 1278.5137   1.0000   7.401720E-14   7.682807E-14   1.0380
 1278.5436   1.0000   7.411389E-14   7.671656E-14   1.0351
 1278.5736   1.0000   7.422698E-14   7.948314E-14   1.0708
 1278.6035   1.0000   7.435409E-14   7.672617E-14   1.0319
 1278.6334   1.0000   7.449394E-14   7.689794E-14   1.0323
 1278.6633   1.0000   7.464493E-14   7.736785E-14   1.0365
 1278.6932   1.0000   7.480542E-14   8.188909E-14   1.0947
 1278.7231   1.0000   7.497381E-14   8.480016E-14   1.1311
 1278.7530   1.0000   7.514848E-14   8.419550E-14   1.1204
 1278.7829   1.0000   7.532780E-14   7.877573E-14   1.0458
 1278.8128   1.0000   7.551015E-14   8.132289E-14   1.0770
 1278.8427   1.0000   7.569393E-14   7.658338E-14   1.0118
 1278.8726   1.0000   7.587750E-14   7.868766E-14   1.0370
 1278.9026   1.0000   7.605986E-14   8.019200E-14   1.0543
 1278.9325   1.0000   7.623816E-14   8.552303E-14   1.1218
 1278.9624   1.0000   7.641139E-14   8.306699E-14   1.0871
 1278.9923   1.0000   7.657795E-14   7.620832E-14   0.9952
 1279.0222   1.0000   7.673620E-14   7.824468E-14   1.0197
 1279.0521   1.0000   7.688454E-14   7.642992E-14   0.9941
 1279.0820   1.0000   7.702133E-14   7.721476E-14   1.0025
 1279.1119   1.0000   7.714497E-14   7.685294E-14   0.9962
 1279.1418   1.0000   7.725384E-14   7.784394E-14   1.0076
 1279.1717   1.0000   7.734631E-14   7.951066E-14   1.0280
 1279.2016   1.0000   7.742076E-14   7.748077E-14   1.0008
 1279.2316   1.0000   7.747574E-14   7.680084E-14   0.9913
 1279.2615   1.0000   7.750923E-14   7.827115E-14   1.0098
 1279.2914   1.0000   7.751986E-14   8.015476E-14   1.0340
 1279.3213   1.0000   7.750599E-14   7.913223E-14   1.0210
 1279.3512   1.0000   7.746600E-14   7.985679E-14   1.0309
 1279.3811   1.0000   7.739829E-14   7.574294E-14   0.9786
 1279.4110   1.0000   7.730122E-14   7.641854E-14   0.9886
 1279.4409   1.0000   7.717319E-14   7.583994E-14   0.9827
 1279.4708   1.0000   7.701256E-14   7.188549E-14   0.9334
 1279.5007   1.0000   7.681773E-14   7.343561E-14   0.9560
 1279.5306   1.0000   7.658707E-14   7.554243E-14   0.9864
 1279.5606   1.0000   7.631801E-14   7.501543E-14   0.9829
 1279.5905   1.0000   7.601071E-14   7.297973E-14   0.9601
 1279.6204   1.0000   7.566273E-14   7.394185E-14   0.9773
 1279.6503   1.0000   7.527244E-14   7.919103E-14   1.0521
 1279.6802   1.0000   7.483822E-14   7.787664E-14   1.0406
 1279.7101   1.0000   7.435846E-14   7.845988E-14   1.0552
 1279.7400   1.0000   7.383153E-14   7.197493E-14   0.9749
 1279.7699   1.0000   7.325583E-14   7.411547E-14   1.0117
 1279.7998   1.0000   7.262972E-14   6.932876E-14   0.9546
 1279.8297   1.0000   7.195160E-14   7.386982E-14   1.0267
 1279.8596   1.0000   7.121983E-14   7.486474E-14   1.0512
 1279.8896   1.0000   7.043008E-14   6.927074E-14   0.9835
 1279.9195   1.0000   6.958600E-14   6.447549E-14   0.9266
 1279.9494   1.0000   6.868341E-14   6.594971E-14   0.9602
 1279.9793   1.0000   7.119098E-14   7.196870E-14   1.0109
 1280.0092   1.0000   7.143229E-14   7.311008E-14   1.0235
 1280.0391   1.0000   7.165523E-14   7.389395E-14   1.0312
 1280.0690   1.0000   7.186019E-14   7.458629E-14   1.0379
 1280.0989   1.0000   7.204761E-14   7.453003E-14   1.0345
 1280.1288   1.0000   7.221788E-14   6.997936E-14   0.9690
 1280.1587   1.0000   7.237142E-14   7.026160E-14   0.9708
 1280.1886   1.0000   7.250864E-14   6.837284E-14   0.9430
 1280.2186   1.0000   7.263033E-14   7.148305E-14   0.9842
 1280.2485   1.0000   7.273610E-14   7.616335E-14   1.0471
 1280.2784   1.0000   7.282678E-14   7.471056E-14   1.0259
 1280.3083   1.0000   7.290279E-14   7.108425E-14   0.9751
 1280.3382   1.0000   7.296454E-14   7.100578E-14   0.9732
 1280.3681   1.0000   7.301244E-14   6.572503E-14   0.9002
 1280.3980   1.0000   7.304690E-14   7.132172E-14   0.9764
 1280.4279   1.0000   7.306834E-14   6.943501E-14   0.9503
 1280.4578   1.0000   7.307716E-14   7.425862E-14   1.0162
 1280.4877   1.0000   7.307378E-14   7.175745E-14   0.9820
 1280.5176   1.0000   7.305860E-14   7.306325E-14   1.0001
 1280.5476   1.0000   7.303194E-14   7.112902E-14   0.9739
 1280.5775   1.0000   7.299438E-14   7.457661E-14   1.0217
 1280.6074   1.0000   7.294627E-14   7.253800E-14   0.9944
 1280.6373   1.0000   7.288801E-14   7.396582E-14   1.0148
 1280.6672   1.0000   7.282002E-14   7.377297E-14   1.0131
 1280.6971   1.0000   7.274271E-14   7.413332E-14   1.0191
 1280.7270   1.0000   7.265648E-14   7.064193E-14   0.9723
 1280.7569   1.0000   7.256176E-14   7.336098E-14   1.0110
 1280.7868   1.0000   7.245896E-14   7.399127E-14   1.0211
 1280.8167   1.0000   7.234847E-14   7.106664E-14   0.9823
 1280.8466   1.0000   7.223073E-14   7.110568E-14   0.9844
 1280.8766   1.0000   7.210570E-14   7.118750E-14   0.9873
 1280.9065   1.0000   7.197464E-14   7.563501E-14   1.0509
 1280.9364   1.0000   7.183755E-14   7.525909E-14   1.0476
 1280.9663   1.0000   7.169484E-14   7.171125E-14   1.0002
 1280.9962   1.0000   7.154693E-14   7.307896E-14   1.0214
