Covering Factor     Optical Depth       Wavelength ($\AngstrSigma               Velocity (km/s)     
1.0000              1.0119              1315.4467           17.0528             -1053.9171          
0.8445              3.2478              1313.2585           67.8461             -1584.0881          
1.0000              2.0011              1312.0835           53.5089             -1869.1378          
0.8027              5.0000              1309.6435           69.6560             -2461.9810          
0.9498              4.0164              1307.8834           100.0000            -2890.3154          
0.7950              3.2322              1305.1852           30.0259             -3548.1277          
0.6770              1.7450              1304.6892           67.0131             -3669.2124          
1.0000              0.2356              1300.1030           65.0981             -4790.9961          
0.5304              3.1008              1298.8083           100.0000            -5108.4282          
0.8732              0.1104              1297.5478           54.2632             -5417.7803          
============
Number of Absorption Component          10
Number of Emission Components:           0
