 1291.9883   1.0000   7.990756E-14   8.157807E-14   1.0209
 1292.0182   1.0000   7.950053E-14   7.721595E-14   0.9713
 1292.0481   1.0000   7.909470E-14   7.510752E-14   0.9496
 1292.0780   1.0000   7.869009E-14   7.760811E-14   0.9863
 1292.1080   1.0000   7.828533E-14   7.509709E-14   0.9593
 1292.1379   1.0000   7.788314E-14   7.622823E-14   0.9788
 1292.1678   1.0000   7.748216E-14   7.537151E-14   0.9728
 1292.1977   1.0000   7.708240E-14   7.723104E-14   1.0019
 1292.2276   1.0000   7.668386E-14   7.160300E-14   0.9337
 1292.2575   1.0000   7.628654E-14   7.310913E-14   0.9583
 1292.2874   1.0000   7.589045E-14   7.565820E-14   0.9969
 1292.3173   1.0000   7.549559E-14   7.386237E-14   0.9784
 1292.3472   1.0000   7.510195E-14   7.611258E-14   1.0135
 1292.3771   1.0000   7.470955E-14   6.913844E-14   0.9254
 1292.4070   1.0000   7.431838E-14   7.862719E-14   1.0580
 1292.4370   0.9999   7.392715E-14   7.220268E-14   0.9767
 1292.4669   0.9999   7.353846E-14   7.365838E-14   1.0016
 1292.4968   0.9999   7.315102E-14   7.493035E-14   1.0243
 1292.5267   0.9998   7.276482E-14   8.030406E-14   1.1036
 1292.5566   0.9996   7.237986E-14   7.114358E-14   0.9829
 1292.5865   0.9994   7.199616E-14   6.891511E-14   0.9572
 1292.6164   0.9991   7.161371E-14   7.221427E-14   1.0084
 1292.6463   0.9987   7.123251E-14   7.203617E-14   1.0113
 1292.6762   0.9980   7.085257E-14   7.647264E-14   1.0793
 1292.7061   0.9971   7.047389E-14   7.064723E-14   1.0025
 1292.7360   0.9959   7.009647E-14   6.859863E-14   0.9786
 1292.7660   0.9942   6.971906E-14   7.153866E-14   1.0261
 1292.7959   0.9919   6.934418E-14   6.712165E-14   0.9679
 1292.8258   0.9890   6.897057E-14   6.152821E-14   0.8921
 1292.8557   0.9852   6.859823E-14   6.217177E-14   0.9063
 1292.8856   0.9804   6.822716E-14   6.480894E-14   0.9499
 1292.9155   0.9744   6.785737E-14   6.559706E-14   0.9667
 1292.9454   0.9673   6.748886E-14   6.694836E-14   0.9920
 1292.9753   0.9588   6.712163E-14   6.347194E-14   0.9456
 1293.0052   0.9490   6.675568E-14   5.987654E-14   0.8970
 1293.0351   0.9378   6.639102E-14   6.357459E-14   0.9576
 1293.0650   0.9254   6.602765E-14   6.349990E-14   0.9617
 1293.0950   0.9120   6.566437E-14   6.326857E-14   0.9635
 1293.1249   0.8979   6.530359E-14   6.144312E-14   0.9409
 1293.1548   0.8832   6.494411E-14   5.513095E-14   0.8489
 1293.1847   0.8685   6.458592E-14   5.682283E-14   0.8798
 1293.2146   0.8540   6.422904E-14   4.804755E-14   0.7481
 1293.2445   0.8401   6.387346E-14   4.888078E-14   0.7653
 1293.2744   0.8272   6.351919E-14   5.299649E-14   0.8343
 1293.3043   0.8154   6.316623E-14   4.869689E-14   0.7709
 1293.3342   0.8049   6.281458E-14   5.152610E-14   0.8203
 1293.3641   0.7958   6.246424E-14   5.299510E-14   0.8484
 1293.3940   0.7881   6.211522E-14   4.602184E-14   0.7409
 1293.4240   0.7816   6.176635E-14   4.930677E-14   0.7983
 1293.4539   0.7760   6.141998E-14   4.458031E-14   0.7258
 1293.4838   0.7711   6.107492E-14   4.479069E-14   0.7334
 1293.5137   0.7663   6.073120E-14   4.426255E-14   0.7288
 1293.5436   0.7612   6.038880E-14   4.837613E-14   0.8011
 1293.5735   0.7553   6.004773E-14   4.609337E-14   0.7676
 1293.6034   0.7482   5.970800E-14   4.348830E-14   0.7283
 1293.6333   0.7394   5.936960E-14   4.333989E-14   0.7300
 1293.6632   0.7287   5.903254E-14   4.719260E-14   0.7994
 1293.6931   0.7159   5.869683E-14   4.576621E-14   0.7797
 1293.7230   0.7011   5.836245E-14   4.294769E-14   0.7359
 1293.7530   0.6844   5.802831E-14   4.109787E-14   0.7082
 1293.7829   0.6662   5.769664E-14   3.846200E-14   0.6666
 1293.8128   0.6471   5.736632E-14   3.941751E-14   0.6871
 1293.8427   0.6274   5.703734E-14   3.253256E-14   0.5704
 1293.8726   0.6078   5.670973E-14   3.546284E-14   0.6253
 1293.9025   0.5888   5.638347E-14   3.584883E-14   0.6358
 1293.9324   0.5709   5.605858E-14   3.607792E-14   0.6436
 1293.9623   0.5545   5.573505E-14   3.174129E-14   0.5695
 1293.9922   0.5397   5.541288E-14   3.206044E-14   0.5786
 1294.0221   0.5267   5.509208E-14   3.086989E-14   0.5603
 1294.0520   0.5155   5.477266E-14   2.797850E-14   0.5108
 1294.0820   0.5061   5.445354E-14   3.349940E-14   0.6152
 1294.1119   0.4984   5.413687E-14   3.062752E-14   0.5657
 1294.1418   0.4921   5.382157E-14   2.796616E-14   0.5196
 1294.1717   0.4871   5.350766E-14   2.552008E-14   0.4769
 1294.2016   0.4832   5.319513E-14   2.911144E-14   0.5473
 1294.2315   0.4801   5.288398E-14   2.647712E-14   0.5007
 1294.2614   0.4777   5.257422E-14   2.779261E-14   0.5286
 1294.2913   0.4759   5.226585E-14   2.573644E-14   0.4924
 1294.3212   0.4745   5.195888E-14   2.876360E-14   0.5536
 1294.3511   0.4735   5.165330E-14   2.866815E-14   0.5550
 1294.3810   0.4727   5.134912E-14   3.051599E-14   0.5943
 1294.4110   0.4721   5.104533E-14   2.720695E-14   0.5330
 1294.4409   0.4717   5.074396E-14   2.504897E-14   0.4936
 1294.4708   0.4714   5.044399E-14   2.331482E-14   0.4622
 1294.5007   0.4711   5.014543E-14   2.350088E-14   0.4687
 1294.5306   0.4710   4.984828E-14   2.275647E-14   0.4565
 1294.5605   0.4708   4.955254E-14   2.246974E-14   0.4535
 1294.5904   0.4708   4.925822E-14   2.350710E-14   0.4772
 1294.6203   0.4707   4.896532E-14   2.515883E-14   0.5138
 1294.6502   0.4707   4.867383E-14   2.012927E-14   0.4136
 1294.6801   0.4707   4.838377E-14   2.158237E-14   0.4461
 1294.7100   0.4708   4.809514E-14   2.319035E-14   0.4822
 1294.7400   0.4709   4.780697E-14   1.782464E-14   0.3728
 1294.7699   0.4710   4.752120E-14   2.121317E-14   0.4464
 1294.7998   0.4711   4.723685E-14   1.986260E-14   0.4205
 1294.8297   0.4714   4.695395E-14   1.885524E-14   0.4016
 1294.8596   0.4717   4.667248E-14   1.795378E-14   0.3847
 1294.8895   0.4721   4.639245E-14   1.858663E-14   0.4006
 1294.9194   0.4726   4.611387E-14   1.745476E-14   0.3785
 1294.9493   0.4733   4.583673E-14   1.889514E-14   0.4122
 1294.9792   0.4743   4.556103E-14   2.224926E-14   0.4883
 1295.0091   0.4755   4.528679E-14   2.197329E-14   0.4852
 1295.0390   0.4771   4.501400E-14   1.958073E-14   0.4350
 1295.0690   0.4791   4.474176E-14   2.262931E-14   0.5058
 1295.0989   0.4817   4.447188E-14   1.876262E-14   0.4219
 1295.1288   0.4851   4.420347E-14   2.104665E-14   0.4761
 1295.1587   0.4893   4.393651E-14   2.450034E-14   0.5576
 1295.1886   0.4945   4.367103E-14   2.346053E-14   0.5372
 1295.2185   0.5009   4.340701E-14   2.328979E-14   0.5365
 1295.2484   0.5084   4.314445E-14   2.587407E-14   0.5997
 1295.2783   0.5171   4.288338E-14   2.049413E-14   0.4779
 1295.3082   0.5270   4.262377E-14   2.180522E-14   0.5116
 1295.3381   0.5379   4.236564E-14   2.335092E-14   0.5512
 1295.3680   0.5495   4.210900E-14   2.640476E-14   0.6271
 1295.3979   0.5615   4.185383E-14   2.683005E-14   0.6410
 1295.4279   0.5735   4.159930E-14   2.413948E-14   0.5803
 1295.4578   0.5850   4.134711E-14   2.123392E-14   0.5136
 1295.4877   0.5953   4.109641E-14   2.329299E-14   0.5668
 1295.5176   0.6042   4.084721E-14   2.547632E-14   0.6237
 1295.5475   0.6112   4.059949E-14   2.701326E-14   0.6654
 1295.5774   0.6161   4.035328E-14   2.430622E-14   0.6023
 1295.6073   0.6188   4.010856E-14   2.499406E-14   0.6232
 1295.6372   0.6195   3.986534E-14   2.298867E-14   0.5767
 1295.6671   0.6182   3.962363E-14   2.347306E-14   0.5924
 1295.6970   0.6156   3.938343E-14   2.754638E-14   0.6994
 1295.7269   0.6119   3.914473E-14   2.305997E-14   0.5891
 1295.7569   0.6077   3.890676E-14   2.481592E-14   0.6378
 1295.7868   0.6036   3.867109E-14   2.109714E-14   0.5456
 1295.8167   0.6002   3.843695E-14   2.444726E-14   0.6360
 1295.8466   0.5978   3.820432E-14   2.381002E-14   0.6232
 1295.8765   0.5970   3.797321E-14   2.383723E-14   0.6277
 1295.9064   0.5982   3.774363E-14   1.976671E-14   0.5237
 1295.9363   0.6015   3.751557E-14   2.604674E-14   0.6943
 1295.9662   0.6073   3.728904E-14   1.935932E-14   0.5192
 1295.9961   0.6156   3.706405E-14   1.979752E-14   0.5341
 1296.0260   0.6265   3.684058E-14   2.463012E-14   0.6686
 1296.0559   0.6400   3.661866E-14   2.621978E-14   0.7160
 1296.0859   0.6559   3.639754E-14   2.087753E-14   0.5736
 1296.1158   0.6740   3.617869E-14   2.372867E-14   0.6559
 1296.1457   0.6941   3.596140E-14   2.439048E-14   0.6782
 1296.1756   0.7157   3.574565E-14   2.442846E-14   0.6834
 1296.2055   0.7385   3.553145E-14   2.587556E-14   0.7282
 1296.2354   0.7621   3.531880E-14   2.741162E-14   0.7761
 1296.2653   0.7859   3.510770E-14   2.834940E-14   0.8075
 1296.2952   0.8096   3.489815E-14   2.781848E-14   0.7971
 1296.3251   0.8326   3.469014E-14   2.791482E-14   0.8047
 1296.3550   0.8546   3.448366E-14   3.045168E-14   0.8831
 1296.3849   0.8752   3.427871E-14   2.670581E-14   0.7791
 1296.4149   0.8943   3.407461E-14   3.421084E-14   1.0040
 1296.4448   0.9115   3.387271E-14   3.230147E-14   0.9536
 1296.4747   0.9268   3.367231E-14   3.482160E-14   1.0341
 1296.5046   0.9402   3.347342E-14   2.819845E-14   0.8424
 1296.5345   0.9517   3.327603E-14   3.016341E-14   0.9065
 1296.5644   0.9615   3.308013E-14   2.977772E-14   0.9002
 1296.5943   0.9697   3.288571E-14   2.962454E-14   0.9008
 1296.6242   0.9764   3.269276E-14   3.144432E-14   0.9618
 1296.6541   0.9818   3.250130E-14   3.439149E-14   1.0582
 1296.6840   0.9861   3.231129E-14   3.388725E-14   1.0488
 1296.7139   0.9895   3.212275E-14   2.988868E-14   0.9305
 1296.7439   0.9920   3.193503E-14   3.352543E-14   1.0498
 1296.7738   0.9939   3.174939E-14   3.212846E-14   1.0119
 1296.8037   0.9952   3.156519E-14   3.414181E-14   1.0816
 1296.8336   0.9961   3.138242E-14   3.047683E-14   0.9711
 1296.8635   0.9965   3.120108E-14   3.033982E-14   0.9724
 1296.8934   0.9965   3.102116E-14   3.445697E-14   1.1108
 1296.9233   0.9961   3.084265E-14   3.274038E-14   1.0615
 1296.9532   0.9952   3.066556E-14   3.220056E-14   1.0501
 1296.9831   0.9940   3.048986E-14   3.579517E-14   1.1740
 1297.0130   0.9922   3.031556E-14   3.341893E-14   1.1024
 1297.0429   0.9899   3.014266E-14   3.211513E-14   1.0654
 1297.0729   0.9869   2.997056E-14   3.045447E-14   1.0161
 1297.1028   0.9833   2.980041E-14   3.051192E-14   1.0239
 1297.1327   0.9790   2.963164E-14   2.785266E-14   0.9400
 1297.1626   0.9740   2.946423E-14   3.016644E-14   1.0238
 1297.1925   0.9683   2.929818E-14   2.631497E-14   0.8982
 1297.2224   0.9619   2.913348E-14   3.044634E-14   1.0451
 1297.2523   0.9549   2.897013E-14   3.041368E-14   1.0498
 1297.2822   0.9474   2.880811E-14   2.408393E-14   0.8360
 1297.3121   0.9396   2.864743E-14   2.738687E-14   0.9560
 1297.3420   0.9317   2.848807E-14   2.499818E-14   0.8775
 1297.3719   0.9239   2.833004E-14   1.934393E-14   0.6828
 1297.4019   0.9162   2.817279E-14   2.793567E-14   0.9916
 1297.4318   0.9091   2.801738E-14   2.800186E-14   0.9994
 1297.4617   0.9025   2.786327E-14   2.628238E-14   0.9433
 1297.4916   0.8966   2.771046E-14   2.870344E-14   1.0358
 1297.5215   0.8914   2.755893E-14   3.296683E-14   1.1962
 1297.5514   0.8870   2.740869E-14   2.166988E-14   0.7906
 1297.5813   0.8832   2.725972E-14   2.681444E-14   0.9837
 1297.6112   0.8799   2.711202E-14   2.016686E-14   0.7438
 1297.6411   0.8769   2.696558E-14   2.518155E-14   0.9338
 1297.6710   0.8740   2.682041E-14   1.992136E-14   0.7428
 1297.7009   0.8707   2.667648E-14   2.519828E-14   0.9446
 1297.7309   0.8668   2.653332E-14   2.258233E-14   0.8511
 1297.7608   0.8619   2.639188E-14   2.268097E-14   0.8594
 1297.7907   0.8559   2.625167E-14   2.710244E-14   1.0324
 1297.8206   0.8482   2.611268E-14   2.133667E-14   0.8171
 1297.8505   0.8389   2.597492E-14   1.805168E-14   0.6950
 1297.8804   0.8278   2.583836E-14   1.697721E-14   0.6571
 1297.9103   0.8148   2.570302E-14   2.059181E-14   0.8011
 1297.9402   0.8000   2.556887E-14   1.741943E-14   0.6813
 1297.9701   0.7836   2.543592E-14   1.912541E-14   0.7519
 1298.0000   0.7658   2.530415E-14   1.979289E-14   0.7822
 1298.0299   0.7469   2.517357E-14   1.441150E-14   0.5725
 1298.0599   0.7272   2.504373E-14   1.754153E-14   0.7004
 1298.0898   0.7071   2.491549E-14   1.598218E-14   0.6415
 1298.1197   0.6869   2.478842E-14   1.688056E-14   0.6810
 1298.1496   0.6671   2.466250E-14   1.564918E-14   0.6345
 1298.1795   0.6478   2.453773E-14   1.835851E-14   0.7482
 1298.2094   0.6294   2.441410E-14   1.252124E-14   0.5129
 1298.2393   0.6121   2.429161E-14   1.645885E-14   0.6776
 1298.2692   0.5961   2.417026E-14   1.567057E-14   0.6483
 1298.2991   0.5814   2.405002E-14   1.308570E-14   0.5441
 1298.3290   0.5681   2.393091E-14   1.240789E-14   0.5185
 1298.3589   0.5563   2.381290E-14   1.129123E-14   0.4742
 1298.3889   0.5457   2.369561E-14   1.254284E-14   0.5293
 1298.4188   0.5365   2.357982E-14   1.586612E-14   0.6729
 1298.4487   0.5285   2.346511E-14   1.412976E-14   0.6022
 1298.4786   0.5217   2.335150E-14   1.398828E-14   0.5990
 1298.5085   0.5158   2.323896E-14   1.115547E-14   0.4800
 1298.5384   0.5109   2.312750E-14   1.507061E-14   0.6516
 1298.5683   0.5067   2.301710E-14   1.478439E-14   0.6423
 1298.5982   0.5033   2.290776E-14   1.408589E-14   0.6149
 1298.6281   0.5005   2.279948E-14   1.333624E-14   0.5849
 1298.6580   0.4982   2.269225E-14   1.292444E-14   0.5696
 1298.6879   0.4965   2.258606E-14   1.199794E-14   0.5312
 1298.7179   0.4952   2.248056E-14   9.977735E-15   0.4438
 1298.7478   0.4942   2.237644E-14   1.061064E-14   0.4742
 1298.7777   0.4937   2.227334E-14   9.059263E-15   0.4067
 1298.8076   0.4935   2.217126E-14   1.187517E-14   0.5356
 1298.8375   0.4937   2.207019E-14   1.035477E-14   0.4692
 1298.8674   0.4942   2.197013E-14   7.571623E-15   0.3446
 1298.8973   0.4951   2.187106E-14   9.169355E-15   0.4192
 1298.9272   0.4964   2.177299E-14   8.541046E-15   0.3923
 1298.9571   0.4981   2.167590E-14   7.734664E-15   0.3568
 1298.9870   0.5003   2.157979E-14   1.008170E-14   0.4672
 1299.0169   0.5031   2.148465E-14   8.213959E-15   0.3823
 1299.0469   0.5064   2.139016E-14   8.991555E-15   0.4204
 1299.0768   0.5105   2.129696E-14   1.069472E-14   0.5022
 1299.1067   0.5153   2.120470E-14   9.491373E-15   0.4476
 1299.1366   0.5210   2.111339E-14   9.015888E-15   0.4270
 1299.1665   0.5277   2.102303E-14   1.146209E-14   0.5452
 1299.1964   0.5354   2.093360E-14   1.141175E-14   0.5451
 1299.2263   0.5442   2.084510E-14   1.088538E-14   0.5222
 1299.2562   0.5542   2.075752E-14   1.292376E-14   0.6226
 1299.2861   0.5655   2.067085E-14   1.240972E-14   0.6003
 1299.3160   0.5779   2.058510E-14   1.187899E-14   0.5771
 1299.3459   0.5915   2.050025E-14   1.197917E-14   0.5843
 1299.3759   0.6061   2.041601E-14   1.119892E-14   0.5485
 1299.4058   0.6216   2.033295E-14   1.264970E-14   0.6221
 1299.4357   0.6376   2.025077E-14   9.941700E-15   0.4909
 1299.4656   0.6538   2.016948E-14   1.299420E-14   0.6443
 1299.4955   0.6698   2.008905E-14   1.485491E-14   0.7395
 1299.5254   0.6851   2.000949E-14   1.595056E-14   0.7971
 1299.5553   0.6991   1.993079E-14   1.615685E-14   0.8106
 1299.5852   0.7113   1.985294E-14   1.280434E-14   0.6450
 1299.6151   0.7210   1.977594E-14   1.388970E-14   0.7024
 1299.6450   0.7277   1.969977E-14   1.477953E-14   0.7502
 1299.6749   0.7307   1.962444E-14   1.296780E-14   0.6608
 1299.7049   0.7296   1.954969E-14   1.353071E-14   0.6921
 1299.7348   0.7240   1.947602E-14   1.360870E-14   0.6987
 1299.7647   0.7135   1.940315E-14   1.646390E-14   0.8485
 1299.7946   0.6982   1.933110E-14   1.112386E-14   0.5754
 1299.8245   0.6780   1.925985E-14   1.446587E-14   0.7511
 1299.8544   0.6534   1.918939E-14   1.048485E-14   0.5464
 1299.8843   0.6249   1.911973E-14   1.085984E-14   0.5680
 1299.9142   0.5934   1.905085E-14   1.002445E-14   0.5262
 1299.9441   0.5597   1.898274E-14   8.693531E-15   0.4580
 1299.9740   0.5250   1.891540E-14   1.009033E-14   0.5334
 1300.0039   0.4904   1.884883E-14   9.792953E-15   0.5196
 1300.0339   0.4571   1.878280E-14   9.687474E-15   0.5158
 1300.0638   0.4261   1.871774E-14   8.431900E-15   0.4505
 1300.0937   0.3982   1.865343E-14   6.923303E-15   0.3712
 1300.1236   0.3739   1.858986E-14   1.092703E-14   0.5878
 1300.1535   0.3536   1.852702E-14   8.796589E-15   0.4748
 1300.1834   0.3371   1.846490E-14   6.694939E-15   0.3626
 1300.2133   0.3243   1.840351E-14   6.900054E-15   0.3749
 1300.2432   0.3149   1.834283E-14   6.224515E-15   0.3393
 1300.2731   0.3085   1.828285E-14   8.198292E-15   0.4484
 1300.3030   0.3046   1.822358E-14   6.769532E-15   0.3715
 1300.3329   0.3028   1.816501E-14   6.396555E-15   0.3521
 1300.3629   0.3026   1.810693E-14   5.935756E-15   0.3278
 1300.3928   0.3038   1.804972E-14   4.497177E-15   0.2492
 1300.4227   0.3059   1.799319E-14   5.635470E-15   0.3132
 1300.4526   0.3086   1.793734E-14   5.560258E-15   0.3100
 1300.4825   0.3117   1.788214E-14   5.334009E-15   0.2983
 1300.5124   0.3149   1.782760E-14   4.486570E-15   0.2517
 1300.5423   0.3174   1.777372E-14   4.195879E-15   0.2361
 1300.5722   0.3184   1.772048E-14   5.476818E-15   0.3091
 1300.6021   0.3161   1.766787E-14   5.950107E-15   0.3368
 1300.6320   0.3081   1.761590E-14   5.247905E-15   0.2979
 1300.6619   0.2915   1.756455E-14   3.483867E-15   0.1983
 1300.6919   0.2641   1.751366E-14   3.907520E-15   0.2231
 1300.7218   0.2267   1.746354E-14   4.031362E-15   0.2308
 1300.7517   0.1846   1.741404E-14   2.661962E-15   0.1529
 1300.7816   0.1464   1.736513E-14   3.527996E-15   0.2032
 1300.8115   0.1193   1.731682E-14   2.337889E-15   0.1350
 1300.8414   0.1051   1.726909E-14   2.150276E-15   0.1245
 1300.8713   0.1011   1.722195E-14   2.012331E-15   0.1168
 1300.9012   0.1034   1.717538E-14   1.443025E-15   0.0840
 1300.9311   0.1089   1.712938E-14   1.506505E-15   0.0879
 1300.9610   0.1162   1.708394E-14   1.171837E-15   0.0686
 1300.9909   0.1245   1.703906E-14   1.237457E-15   0.0726
 1301.0209   0.1334   1.699458E-14   3.511556E-15   0.2066
 1301.0508   0.1428   1.695079E-14   1.424224E-15   0.0840
 1301.0807   0.1529   1.690754E-14   2.661029E-15   0.1574
 1301.1106   0.1649   1.686482E-14   3.445135E-15   0.2043
 1301.1405   0.1825   1.682263E-14   3.838493E-15   0.2282
 1301.1704   0.2135   1.678095E-14   3.993742E-15   0.2380
 1301.2003   0.2699   1.673979E-14   2.865850E-15   0.1712
 1301.2302   0.3608   1.669913E-14   6.195507E-15   0.3710
 1301.2601   0.4829   1.665897E-14   8.683881E-15   0.5213
 1301.2900   0.6170   1.661930E-14   1.036420E-14   0.6236
 1301.3199   0.7398   1.658012E-14   1.158350E-14   0.6986
 1301.3499   0.8361   1.654129E-14   1.506480E-14   0.9107
 1301.3798   0.9023   1.650307E-14   1.637160E-14   0.9920
 1301.4097   0.9439   1.646531E-14   1.455087E-14   0.8837
 1301.4396   0.9683   1.642801E-14   1.450200E-14   0.8828
 1301.4695   0.9819   1.639117E-14   1.774839E-14   1.0828
 1301.4994   0.9895   1.635478E-14   1.729083E-14   1.0572
 1301.5293   0.9936   1.631883E-14   1.821234E-14   1.1160
 1301.5592   0.9960   1.628332E-14   1.947841E-14   1.1962
 1301.5891   0.9974   1.624823E-14   1.840130E-14   1.1325
 1301.6190   0.9983   1.621357E-14   2.103490E-14   1.2974
 1301.6489   0.9988   1.617933E-14   1.677056E-14   1.0365
 1301.6789   0.9991   1.614538E-14   1.791218E-14   1.1094
 1301.7088   0.9993   1.611195E-14   1.854107E-14   1.1508
 1301.7387   0.9994   1.607892E-14   1.672721E-14   1.0403
 1301.7686   0.9994   1.604629E-14   1.796820E-14   1.1198
 1301.7985   0.9993   1.601403E-14   1.769140E-14   1.1047
 1301.8284   0.9991   1.598216E-14   1.800143E-14   1.1263
 1301.8583   0.9989   1.595066E-14   1.480958E-14   0.9285
 1301.8882   0.9986   1.591953E-14   1.177255E-14   0.7395
 1301.9181   0.9981   1.588875E-14   1.021209E-14   0.6427
 1301.9480   0.9975   1.585834E-14   5.955368E-15   0.3755
 1301.9779   0.9968   1.582826E-14   2.648119E-15   0.1673
 1302.0079   0.9958   1.579843E-14   3.278879E-15   0.2075
 1302.0378   0.9945   1.576904E-14   1.976087E-15   0.1253
 1302.0677   0.9929   1.573998E-14   1.147182E-15   0.0729
 1302.0976   0.9908   1.571123E-14   1.273298E-15   0.0810
 1302.1275   0.9883   1.568280E-14   2.057555E-15   0.1312
 1302.1574   0.9850   1.565469E-14   1.808097E-18   0.0001
 1302.1873   0.9810   1.562687E-14   6.382813E-16   0.0408
 1302.2172   0.9760   1.559936E-14   3.230151E-16   0.0207
 1302.2471   0.9699   1.557213E-14   9.119133E-16   0.0586
 1302.2770   0.9624   1.554519E-14   1.279229E-15   0.0823
 1302.3069   0.9533   1.551853E-14   5.046214E-16   0.0325
 1302.3369   0.9423   1.549205E-14   1.204230E-15   0.0777
 1302.3668   0.9293   1.546592E-14   3.228730E-15   0.2088
 1302.3967   0.9137   1.544006E-14   2.420810E-15   0.1568
 1302.4266   0.8955   1.541444E-14   3.503453E-15   0.2273
 1302.4565   0.8742   1.538908E-14   5.426037E-15   0.3526
 1302.4864   0.8497   1.536395E-14   1.016263E-14   0.6615
 1302.5163   0.8216   1.533906E-14   1.261723E-14   0.8226
 1302.5462   0.7900   1.531440E-14   1.130668E-14   0.7383
 1302.5761   0.7547   1.528998E-14   1.414699E-14   0.9252
 1302.6060   0.7158   1.526580E-14   1.585834E-14   1.0388
 1302.6359   0.6735   1.524186E-14   1.400095E-14   0.9186
 1302.6659   0.6281   1.521807E-14   1.078128E-14   0.7085
 1302.6958   0.5804   1.519461E-14   1.319728E-14   0.8686
 1302.7257   0.5310   1.517138E-14   1.074532E-14   0.7083
 1302.7556   0.4807   1.514840E-14   1.110200E-14   0.7329
 1302.7855   0.4305   1.512567E-14   7.623201E-15   0.5040
 1302.8154   0.3813   1.510317E-14   9.177695E-15   0.6077
 1302.8453   0.3341   1.508093E-14   8.781512E-15   0.5823
 1302.8752   0.2898   1.505893E-14   5.600127E-15   0.3719
 1302.9051   0.2491   1.503717E-14   4.537367E-15   0.3017
 1302.9350   0.2125   1.501567E-14   4.334689E-15   0.2887
 1302.9649   0.1805   1.499442E-14   2.962107E-15   0.1975
 1302.9949   0.1530   1.497334E-14   2.199355E-15   0.1469
 1303.0248   0.1300   1.495259E-14   2.825841E-15   0.1890
 1303.0547   0.1111   1.493210E-14   2.520530E-15   0.1688
 1303.0846   0.0961   1.491186E-14   1.145053E-15   0.0768
 1303.1145   0.0843   1.489187E-14   9.180607E-16   0.0616
 1303.1444   0.0752   1.487214E-14   1.769892E-15   0.1190
 1303.1743   0.0683   1.485266E-14   6.762741E-16   0.0455
 1303.2042   0.0633   1.483345E-14   1.101261E-15   0.0742
 1303.2341   0.0596   1.481449E-14   8.693045E-16   0.0587
 1303.2640   0.0569   1.479579E-14   4.149440E-16   0.0280
 1303.2939   0.0550   1.477736E-14   4.203071E-16   0.0284
 1303.3239   0.0536   1.475913E-14   6.459553E-16   0.0438
 1303.3538   0.0527   1.474122E-14   1.281934E-15   0.0870
 1303.3837   0.0520   1.472358E-14   1.385309E-15   0.0941
 1303.4136   0.0515   1.470620E-14   6.180006E-16   0.0420
 1303.4435   0.0512   1.468909E-14   9.000634E-16   0.0613
 1303.4734   0.0510   1.467225E-14   4.390094E-16   0.0299
 1303.5033   0.0508   1.465568E-14   8.161181E-16   0.0557
 1303.5332   0.0507   1.463937E-14   4.337052E-16   0.0296
 1303.5631   0.0506   1.462334E-14   8.727154E-16   0.0597
 1303.5930   0.0505   1.460758E-14   4.119369E-16   0.0282
 1303.6229   0.0504   1.459209E-14   2.020073E-16   0.0138
 1303.6529   0.0504   1.457683E-14   1.588846E-16   0.0109
 1303.6828   0.0503   1.456190E-14   1.308171E-15   0.0898
 1303.7127   0.0503   1.454724E-14  -1.088964E-17  -0.0007
 1303.7426   0.0502   1.453285E-14   8.505296E-16   0.0585
 1303.7725   0.0501   1.451875E-14   8.483796E-16   0.0584
 1303.8024   0.0500   1.450493E-14   8.688401E-16   0.0599
 1303.8323   0.0498   1.449138E-14   6.698503E-16   0.0462
 1303.8622   0.0497   1.447812E-14   1.314762E-15   0.0908
 1303.8921   0.0495   1.446514E-14   1.316067E-15   0.0910
 1303.9220   0.0492   1.445245E-14   6.482446E-16   0.0449
 1303.9519   0.0489   1.444004E-14   6.615167E-16   0.0458
 1303.9819   0.0486   1.442787E-14   4.309702E-16   0.0299
 1304.0118   0.0483   1.441603E-14   1.296500E-15   0.0899
 1304.0417   0.0481   1.440449E-14   2.015144E-16   0.0140
 1304.0716   0.0479   1.439323E-14   3.953337E-16   0.0275
 1304.1015   0.0479   1.438226E-14   8.577743E-16   0.0596
 1304.1314   0.0482   1.437158E-14   6.383469E-16   0.0444
 1304.1613   0.0490   1.436119E-14   3.742730E-16   0.0261
 1304.1912   0.0503   1.435110E-14   2.002974E-16   0.0140
 1304.2211   0.0524   1.434130E-14   1.824806E-16   0.0127
 1304.2510   0.0553   1.433180E-14  -5.313836E-17  -0.0037
 1304.2809   0.0594   1.432260E-14   1.713683E-16   0.0120
 1304.3109   0.0648   1.431366E-14   1.849743E-16   0.0129
 1304.3408   0.0714   1.430505E-14  -5.087870E-17  -0.0036
 1304.3707   0.0794   1.429674E-14   6.343841E-16   0.0444
 1304.4006   0.0888   1.428873E-14  -3.583327E-17  -0.0025
 1304.4305   0.0994   1.428103E-14  -4.534059E-17  -0.0032
 1304.4604   0.1110   1.427362E-14   1.899074E-16   0.0133
 1304.4903   0.1233   1.426652E-14   2.129512E-16   0.0149
 1304.5202   0.1359   1.425973E-14   9.781726E-16   0.0686
 1304.5501   0.1483   1.425324E-14   1.098803E-15   0.0771
 1304.5800   0.1597   1.424706E-14   6.748259E-16   0.0474
 1304.6099   0.1696   1.424119E-14   1.678752E-15   0.1179
 1304.6399   0.1771   1.423561E-14   2.177330E-15   0.1529
 1304.6698   0.1816   1.423036E-14   1.699192E-15   0.1194
 1304.6997   0.1827   1.422542E-14   2.082965E-15   0.1464
 1304.7296   0.1800   1.422079E-14   2.044800E-15   0.1438
 1304.7595   0.1734   1.421647E-14   1.350159E-15   0.0950
 1304.7894   0.1633   1.421247E-14   3.657890E-15   0.2574
 1304.8193   0.1500   1.420879E-14   1.616221E-15   0.1137
 1304.8492   0.1343   1.420542E-14   1.814897E-15   0.1278
 1304.8791   0.1169   1.420237E-14   3.228532E-15   0.2273
 1304.9090   0.0990   1.419964E-14   2.026925E-15   0.1427
 1304.9389   0.0818   1.419723E-14   1.366773E-15   0.0963
 1304.9689   0.0663   1.419513E-14   2.301174E-15   0.1621
 1304.9988   0.0537   1.419336E-14   4.326753E-16   0.0305
 1305.0287   0.0444   1.419192E-14   8.855169E-16   0.0624
 1305.0586   0.0385   1.419080E-14   1.858936E-16   0.0131
 1305.0885   0.0352   1.419001E-14   1.057262E-15   0.0745
 1305.1184   0.0340   1.418954E-14   2.596129E-16   0.0183
 1305.1483   0.0341   1.418940E-14   1.045038E-15   0.0736
 1305.1782   0.0351   1.418958E-14   2.493403E-16   0.0176
 1305.2081   0.0368   1.419010E-14   1.072832E-15   0.0756
 1305.2380   0.0395   1.419095E-14   1.057765E-15   0.0745
 1305.2679   0.0436   1.419213E-14   5.264835E-16   0.0371
 1305.2979   0.0500   1.419364E-14   2.755939E-16   0.0194
 1305.3278   0.0598   1.419549E-14   7.959410E-16   0.0561
 1305.3577   0.0741   1.419767E-14   5.124698E-16   0.0361
 1305.3876   0.0929   1.420019E-14   1.332560E-15   0.0938
 1305.4175   0.1146   1.420304E-14   1.589016E-15   0.1119
 1305.4474   0.1364   1.420623E-14   7.629481E-16   0.0537
 1305.4773   0.1556   1.420976E-14   1.535630E-15   0.1081
 1305.5072   0.1706   1.421363E-14   1.116001E-15   0.0785
 1305.5371   0.1811   1.421785E-14   9.403795E-16   0.0661
 1305.5670   0.1879   1.422240E-14   1.218004E-15   0.0856
 1305.5969   0.1920   1.422730E-14   2.747115E-15   0.1931
 1305.6269   0.1944   1.423256E-14   1.407933E-15   0.0989
 1305.6568   0.1959   1.423814E-14   1.811462E-15   0.1272
 1305.6867   0.1968   1.424408E-14   2.838939E-15   0.1993
 1305.7166   0.1977   1.425036E-14   2.268003E-15   0.1592
 1305.7465   0.1987   1.425699E-14   2.120064E-15   0.1487
 1305.7764   0.2002   1.426397E-14   2.087222E-15   0.1463
 1305.8063   0.2029   1.427130E-14   3.005745E-15   0.2106
 1305.8362   0.2073   1.427898E-14   3.244621E-15   0.2272
 1305.8661   0.2145   1.428702E-14   2.100315E-15   0.1470
 1305.8960   0.2259   1.429541E-14   2.375181E-15   0.1661
 1305.9259   0.2430   1.430415E-14   3.256901E-15   0.2277
 1305.9559   0.2673   1.431328E-14   4.282922E-15   0.2992
 1305.9858   0.3000   1.432274E-14   4.278007E-15   0.2987
 1306.0157   0.3414   1.433256E-14   4.079939E-15   0.2847
 1306.0456   0.3912   1.434273E-14   3.532835E-15   0.2463
 1306.0755   0.4479   1.435327E-14   8.940565E-15   0.6229
 1306.1054   0.5094   1.436417E-14   7.280497E-15   0.5069
 1306.1353   0.5729   1.437543E-14   6.800640E-15   0.4731
 1306.1652   0.6356   1.438705E-14   1.066551E-14   0.7413
 1306.1951   0.6951   1.439904E-14   1.135657E-14   0.7887
 1306.2250   0.7494   1.441139E-14   1.108249E-14   0.7690
 1306.2549   0.7973   1.442411E-14   1.095005E-14   0.7591
 1306.2849   0.8384   1.443724E-14   1.425657E-14   0.9875
 1306.3148   0.8722   1.445070E-14   1.396706E-14   0.9665
 1306.3447   0.8992   1.446452E-14   1.328805E-14   0.9187
 1306.3746   0.9202   1.447872E-14   1.423423E-14   0.9831
 1306.4045   0.9357   1.449329E-14   1.647475E-14   1.1367
 1306.4344   0.9465   1.450823E-14   1.667004E-14   1.1490
 1306.4643   0.9533   1.452355E-14   1.529598E-14   1.0532
 1306.4942   0.9565   1.453924E-14   1.422510E-14   0.9784
 1306.5241   0.9567   1.455531E-14   1.353946E-14   0.9302
 1306.5540   0.9542   1.457175E-14   1.303926E-14   0.8948
 1306.5839   0.9491   1.458858E-14   1.032824E-14   0.7080
 1306.6139   0.9417   1.460584E-14   1.638409E-14   1.1217
 1306.6438   0.9319   1.462342E-14   1.713881E-14   1.1720
 1306.6737   0.9197   1.464139E-14   1.628489E-14   1.1123
 1306.7036   0.9051   1.465973E-14   1.432872E-14   0.9774
 1306.7335   0.8879   1.467846E-14   1.375887E-14   0.9374
 1306.7634   0.8680   1.469758E-14   1.482857E-14   1.0089
 1306.7933   0.8454   1.471708E-14   1.588599E-14   1.0794
 1306.8232   0.8200   1.473697E-14   1.108769E-14   0.7524
 1306.8531   0.7917   1.475725E-14   8.013119E-15   0.5430
 1306.8830   0.7606   1.477791E-14   1.309289E-14   0.8860
 1306.9129   0.7268   1.479897E-14   1.244356E-14   0.8408
 1306.9429   0.6902   1.482049E-14   9.464238E-15   0.6386
 1306.9728   0.6515   1.484233E-14   1.016922E-14   0.6852
 1307.0027   0.6107   1.486456E-14   8.440271E-15   0.5678
 1307.0326   0.5683   1.488718E-14   9.858583E-15   0.6622
 1307.0625   0.5248   1.491021E-14   8.263750E-15   0.5542
 1307.0924   0.4805   1.493363E-14   4.768006E-15   0.3193
 1307.1223   0.4361   1.495744E-14   6.277683E-15   0.4197
 1307.1522   0.3919   1.498166E-14   4.170743E-15   0.2784
 1307.1821   0.3486   1.500627E-14   4.250410E-15   0.2832
 1307.2120   0.3065   1.503128E-14   2.953520E-15   0.1965
 1307.2419   0.2662   1.505670E-14   3.993312E-15   0.2652
 1307.2718   0.2280   1.508252E-14   2.412223E-15   0.1599
 1307.3018   0.1922   1.510883E-14   1.520153E-15   0.1006
 1307.3317   0.1595   1.513546E-14   8.461228E-16   0.0559
 1307.3616   0.1299   1.516249E-14   4.085679E-16   0.0269
 1307.3915   0.1038   1.518993E-14   9.186298E-16   0.0605
 1307.4214   0.0811   1.521778E-14   1.148218E-15   0.0755
 1307.4513   0.0621   1.524604E-14   1.109391E-15   0.0728
 1307.4812   0.0464   1.527471E-14   1.217798E-15   0.0797
 1307.5111   0.0340   1.530378E-14   8.389880E-16   0.0548
 1307.5410   0.0244   1.533328E-14   7.116424E-16   0.0464
 1307.5709   0.0173   1.536318E-14   3.495719E-16   0.0228
 1307.6008   0.0121   1.539350E-14   5.818388E-16   0.0378
 1307.6308   0.0084   1.542434E-14   4.883836E-16   0.0317
 1307.6607   0.0059   1.545549E-14   6.795834E-16   0.0440
 1307.6906   0.0042   1.548706E-14   3.810136E-16   0.0246
 1307.7205   0.0030   1.551905E-14   1.194124E-15   0.0769
 1307.7504   0.0023   1.555146E-14   1.320572E-15   0.0849
 1307.7803   0.0018   1.558429E-14   2.416490E-16   0.0155
 1307.8102   0.0015   1.561754E-14   2.865614E-16   0.0183
 1307.8401   0.0013   1.565121E-14   6.657832E-16   0.0425
 1307.8700   0.0012   1.568531E-14   3.050415E-16   0.0194
 1307.8999   0.0012   1.571983E-14   9.253245E-16   0.0589
 1307.9298   0.0014   1.575478E-14   4.949480E-16   0.0314
 1307.9598   0.0016   1.579027E-14   2.441973E-16   0.0155
 1307.9897   0.0019   1.582608E-14   1.062780E-15   0.0672
 1308.0196   0.0025   1.586231E-14   4.896967E-16   0.0309
 1308.0495   0.0034   1.589897E-14   5.684206E-16   0.0358
 1308.0794   0.0046   1.593607E-14   1.043503E-15   0.0655
 1308.1093   0.0065   1.597360E-14   6.557633E-16   0.0411
 1308.1392   0.0092   1.601156E-14   6.293959E-16   0.0393
 1308.1691   0.0129   1.604995E-14   1.225086E-15   0.0763
 1308.1990   0.0180   1.608879E-14   1.322001E-15   0.0822
 1308.2289   0.0245   1.612805E-14   1.458036E-15   0.0904
 1308.2588   0.0325   1.616776E-14   1.265262E-15   0.0783
 1308.2888   0.0419   1.620804E-14   1.432638E-15   0.0884
 1308.3187   0.0524   1.624863E-14   1.040609E-15   0.0640
 1308.3486   0.0632   1.628965E-14   1.205642E-15   0.0740
 1308.3785   0.0738   1.633112E-14   2.752288E-15   0.1685
 1308.4084   0.0832   1.637303E-14   2.392165E-15   0.1461
 1308.4383   0.0909   1.641539E-14   1.441988E-15   0.0878
 1308.4682   0.0963   1.645819E-14   2.501267E-15   0.1520
 1308.4981   0.0993   1.650144E-14   1.070796E-15   0.0649
 1308.5280   0.1002   1.654513E-14   2.626844E-15   0.1588
 1308.5579   0.0995   1.658927E-14   2.155596E-15   0.1299
 1308.5878   0.0979   1.663386E-14   3.816675E-15   0.2295
 1308.6178   0.0963   1.667906E-14   2.824152E-15   0.1693
 1308.6477   0.0951   1.672455E-14   2.236476E-15   0.1337
 1308.6776   0.0946   1.677050E-14   3.326801E-15   0.1984
 1308.7075   0.0950   1.681690E-14   1.076205E-15   0.0640
 1308.7374   0.0962   1.686376E-14   2.256742E-15   0.1338
 1308.7673   0.0978   1.691107E-14   2.583370E-15   0.1528
 1308.7972   0.0995   1.695883E-14   2.993276E-15   0.1765
 1308.8271   0.1009   1.700704E-14   2.610177E-15   0.1535
 1308.8570   0.1016   1.705569E-14   1.296685E-15   0.0760
 1308.8869   0.1015   1.710477E-14   1.441768E-15   0.0843
 1308.9168   0.1003   1.715429E-14   8.092345E-16   0.0472
 1308.9468   0.0979   1.720440E-14   1.362495E-15   0.0792
 1308.9767   0.0943   1.725476E-14   8.984668E-16   0.0521
 1309.0066   0.0897   1.730555E-14   1.153884E-15   0.0667
 1309.0365   0.0842   1.735674E-14   1.397223E-15   0.0805
 1309.0664   0.0781   1.740834E-14   1.085025E-15   0.0623
 1309.0963   0.0717   1.746035E-14   8.401029E-16   0.0481
 1309.1262   0.0653   1.751275E-14   9.196460E-16   0.0525
 1309.1561   0.0594   1.756554E-14   4.258367E-16   0.0242
 1309.1860   0.0540   1.761872E-14   5.073691E-16   0.0288
 1309.2159   0.0493   1.767229E-14   1.643604E-15   0.0930
 1309.2458   0.0455   1.772623E-14   9.242488E-16   0.0521
 1309.2758   0.0427   1.778073E-14   1.264285E-15   0.0711
 1309.3057   0.0407   1.783541E-14   7.611430E-16   0.0427
 1309.3356   0.0397   1.789046E-14   8.400212E-16   0.0470
 1309.3655   0.0397   1.794586E-14   6.577567E-16   0.0367
 1309.3954   0.0407   1.800162E-14   2.459400E-15   0.1366
 1309.4253   0.0429   1.805773E-14   2.554784E-15   0.1415
 1309.4552   0.0464   1.811418E-14   1.021977E-15   0.0564
 1309.4851   0.0513   1.817097E-14   9.522295E-16   0.0524
 1309.5150   0.0579   1.822810E-14   1.093566E-15   0.0600
 1309.5449   0.0662   1.828555E-14   9.973718E-16   0.0545
 1309.5748   0.0760   1.834333E-14   1.821123E-15   0.0993
 1309.6048   0.0872   1.840162E-14   1.681353E-15   0.0914
 1309.6347   0.0993   1.846004E-14   1.592510E-15   0.0863
 1309.6646   0.1120   1.851876E-14   2.722250E-15   0.1470
 1309.6945   0.1249   1.857779E-14   3.954803E-15   0.2129
 1309.7244   0.1375   1.863712E-14   3.309518E-15   0.1776
 1309.7543   0.1496   1.869674E-14   5.549428E-15   0.2968
 1309.7842   0.1610   1.875665E-14   2.452968E-15   0.1308
 1309.8141   0.1719   1.881685E-14   4.812100E-15   0.2557
 1309.8440   0.1824   1.887733E-14   6.196828E-15   0.3283
 1309.8739   0.1930   1.893809E-14   6.591099E-15   0.3480
 1309.9038   0.2042   1.899911E-14   5.786320E-15   0.3046
 1309.9338   0.2168   1.906061E-14   5.630946E-15   0.2954
 1309.9637   0.2315   1.912217E-14   6.034926E-15   0.3156
 1309.9936   0.2495   1.918398E-14   5.870617E-15   0.3060
 1310.0235   0.2716   1.924604E-14   7.792771E-15   0.4049
 1310.0534   0.2987   1.930834E-14   7.229039E-15   0.3744
 1310.0833   0.3314   1.937089E-14   4.640161E-15   0.2395
 1310.1132   0.3699   1.943368E-14   8.509072E-15   0.4379
 1310.1431   0.4139   1.949670E-14   7.498261E-15   0.3846
 1310.1730   0.4626   1.955994E-14   6.742524E-15   0.3447
 1310.2029   0.5149   1.962341E-14   8.732161E-15   0.4450
 1310.2328   0.5693   1.968710E-14   8.323524E-15   0.4228
 1310.2628   0.6240   1.975121E-14   1.043853E-14   0.5285
 1310.2927   0.6771   1.981531E-14   1.085881E-14   0.5480
 1310.3226   0.7274   1.987962E-14   1.240516E-14   0.6240
 1310.3525   0.7735   1.994413E-14   1.513621E-14   0.7589
 1310.3824   0.8148   2.000882E-14   1.839675E-14   0.9194
 1310.4123   0.8508   2.007371E-14   2.026075E-14   1.0093
 1310.4422   0.8816   2.013878E-14   1.495932E-14   0.7428
 1310.4721   0.9073   2.020403E-14   1.994762E-14   0.9873
 1310.5020   0.9284   2.026945E-14   1.638142E-14   0.8082
 1310.5319   0.9454   2.033504E-14   1.841714E-14   0.9057
 1310.5618   0.9588   2.040080E-14   1.698747E-14   0.8327
 1310.5918   0.9694   2.046693E-14   1.562418E-14   0.7634
 1310.6217   0.9774   2.053300E-14   2.199740E-14   1.0713
 1310.6516   0.9836   2.059921E-14   2.489277E-14   1.2084
 1310.6815   0.9882   2.066557E-14   2.191757E-14   1.0606
 1310.7114   0.9916   2.073207E-14   2.350494E-14   1.1337
 1310.7413   0.9940   2.079871E-14   1.995573E-14   0.9595
 1310.7712   0.9958   2.086547E-14   1.951992E-14   0.9355
 1310.8011   0.9971   2.093236E-14   2.123700E-14   1.0146
 1310.8310   0.9980   2.099937E-14   2.161881E-14   1.0295
 1310.8609   0.9986   2.106650E-14   1.919524E-14   0.9112
 1310.8908   0.9990   2.113373E-14   2.361273E-14   1.1173
 1310.9208   0.9990   2.120130E-14   2.104183E-14   0.9925
 1310.9507   0.9979   2.126874E-14   1.550723E-14   0.7291
 1310.9806   0.9925   2.133627E-14   1.873761E-14   0.8782
 1311.0105   0.9745   2.140390E-14   1.858929E-14   0.8685
 1311.0404   0.9253   2.147161E-14   1.682172E-14   0.7834
 1311.0703   0.8194   2.153941E-14   1.781214E-14   0.8270
 1311.1002   0.6469   2.160728E-14   1.349054E-14   0.6244
 1311.1301   0.4441   2.167522E-14   7.634745E-15   0.3522
 1311.1600   0.2758   2.174323E-14   6.441984E-15   0.2963
 1311.1899   0.1754   2.181130E-14   3.871508E-15   0.1775
 1311.2198   0.1349   2.187942E-14   2.583329E-15   0.1181
 1311.2498   0.1403   2.194783E-14   3.969902E-15   0.1809
 1311.2797   0.1940   2.201605E-14   4.630566E-15   0.2103
 1311.3096   0.3106   2.208432E-14   7.950935E-15   0.3600
 1311.3395   0.4893   2.215263E-14   1.197144E-14   0.5404
 1311.3694   0.6835   2.222096E-14   1.401965E-14   0.6309
 1311.3993   0.8298   2.228933E-14   1.700847E-14   0.7631
 1311.4292   0.9052   2.235771E-14   1.738250E-14   0.7775
 1311.4591   0.9268   2.242612E-14   1.954108E-14   0.8714
 1311.4890   0.9186   2.249454E-14   2.084674E-14   0.9267
 1311.5189   0.8953   2.256296E-14   1.770445E-14   0.7847
 1311.5488   0.8625   2.263139E-14   2.303462E-14   1.0178
 1311.5788   0.8218   2.270005E-14   2.148558E-14   0.9465
 1311.6087   0.7740   2.276847E-14   2.040614E-14   0.8962
 1311.6386   0.7195   2.283687E-14   1.777433E-14   0.7783
 1311.6685   0.6595   2.290527E-14   1.968906E-14   0.8596
 1311.6984   0.5959   2.297364E-14   1.347389E-14   0.5865
 1311.7283   0.5308   2.304198E-14   1.583779E-14   0.6873
 1311.7582   0.4665   2.311030E-14   8.813254E-15   0.3814
 1311.7881   0.4053   2.317858E-14   8.363331E-15   0.3608
 1311.8180   0.3491   2.324681E-14   6.907218E-15   0.2971
 1311.8479   0.2993   2.331501E-14   4.145402E-15   0.1778
 1311.8778   0.2565   2.338315E-14   3.541863E-15   0.1515
 1311.9078   0.2209   2.345146E-14   2.524217E-15   0.1076
 1311.9377   0.1923   2.351949E-14   4.142611E-15   0.1761
 1311.9676   0.1702   2.358745E-14   3.771221E-15   0.1599
 1311.9975   0.1540   2.365534E-14   2.627318E-15   0.1111
 1312.0274   0.1430   2.372316E-14   2.950896E-15   0.1244
 1312.0573   0.1368   2.379090E-14   2.064853E-15   0.0868
 1312.0872   0.1351   2.385855E-14   1.401202E-15   0.0587
 1312.1171   0.1377   2.392611E-14   2.585282E-15   0.1081
 1312.1470   0.1449   2.399358E-14   2.028827E-15   0.0846
 1312.1769   0.1570   2.406095E-14   3.662269E-15   0.1522
 1312.2068   0.1742   2.412822E-14   4.118900E-15   0.1707
 1312.2368   0.1974   2.419560E-14   4.799864E-15   0.1984
 1312.2667   0.2267   2.426265E-14   5.041148E-15   0.2078
 1312.2966   0.2625   2.432957E-14   1.081824E-14   0.4447
 1312.3265   0.3048   2.439637E-14   7.736058E-15   0.3171
 1312.3564   0.3527   2.446305E-14   1.186823E-14   0.4851
 1312.3863   0.4048   2.452959E-14   1.495764E-14   0.6098
 1312.4162   0.4590   2.459599E-14   1.165373E-14   0.4738
 1312.4461   0.5124   2.466225E-14   1.388582E-14   0.5630
 1312.4760   0.5620   2.472836E-14   1.603506E-14   0.6484
 1312.5059   0.6045   2.479432E-14   1.262555E-14   0.5092
 1312.5358   0.6372   2.486012E-14   1.530640E-14   0.6157
 1312.5658   0.6582   2.492598E-14   1.354914E-14   0.5436
 1312.5957   0.6662   2.499145E-14   1.081869E-14   0.4329
 1312.6256   0.6614   2.505675E-14   1.069176E-14   0.4267
 1312.6555   0.6446   2.512188E-14   1.135414E-14   0.4520
 1312.6854   0.6175   2.518682E-14   9.121126E-15   0.3621
 1312.7153   0.5824   2.525157E-14   1.045556E-14   0.4141
 1312.7452   0.5417   2.531614E-14   1.190833E-14   0.4704
 1312.7751   0.4981   2.538050E-14   1.400462E-14   0.5518
 1312.8050   0.4540   2.544467E-14   1.675055E-14   0.6583
 1312.8349   0.4112   2.550863E-14   1.395548E-14   0.5471
 1312.8648   0.3715   2.557238E-14   1.374232E-14   0.5374
 1312.8948   0.3356   2.563612E-14   1.186442E-14   0.4628
 1312.9247   0.3045   2.569943E-14   1.280673E-14   0.4983
 1312.9546   0.2781   2.576252E-14   1.096576E-14   0.4256
 1312.9845   0.2563   2.582537E-14   1.089634E-14   0.4219
 1313.0144   0.2385   2.588799E-14   8.946366E-15   0.3456
 1313.0443   0.2244   2.595037E-14   6.773530E-15   0.2610
 1313.0742   0.2134   2.601251E-14   5.871331E-15   0.2257
 1313.1041   0.2050   2.607439E-14   3.944689E-15   0.1513
 1313.1340   0.1986   2.613602E-14   4.193338E-15   0.1604
 1313.1639   0.1941   2.619739E-14   5.949279E-15   0.2271
 1313.1938   0.1910   2.625850E-14   4.890509E-15   0.1862
 1313.2238   0.1891   2.631954E-14   4.817393E-15   0.1830
 1313.2537   0.1884   2.638010E-14   5.916279E-15   0.2243
 1313.2836   0.1887   2.644038E-14   4.936369E-15   0.1867
 1313.3135   0.1902   2.650038E-14   3.954897E-15   0.1492
 1313.3434   0.1929   2.656009E-14   3.336760E-15   0.1256
 1313.3733   0.1970   2.661950E-14   3.968855E-15   0.1491
 1313.4032   0.2027   2.667862E-14   4.674330E-15   0.1752
 1313.4331   0.2105   2.673743E-14   3.565353E-15   0.1333
 1313.4630   0.2206   2.679594E-14   3.130750E-15   0.1168
 1313.4929   0.2337   2.685413E-14   4.203457E-15   0.1565
 1313.5228   0.2503   2.691201E-14   5.811731E-15   0.2160
 1313.5528   0.2711   2.696975E-14   3.306553E-15   0.1226
 1313.5827   0.2963   2.702697E-14   5.314400E-15   0.1966
 1313.6126   0.3265   2.708386E-14   6.580161E-15   0.2430
 1313.6425   0.3618   2.714041E-14   5.855063E-15   0.2157
 1313.6724   0.4020   2.719662E-14   8.408987E-15   0.3092
 1313.7023   0.4466   2.725249E-14   1.087831E-14   0.3992
 1313.7322   0.4948   2.730800E-14   1.160312E-14   0.4249
 1313.7621   0.5454   2.736315E-14   1.344383E-14   0.4913
 1313.7920   0.5971   2.741794E-14   1.663582E-14   0.6067
 1313.8219   0.6483   2.747237E-14   2.160091E-14   0.7863
 1313.8518   0.6979   2.752642E-14   1.852856E-14   0.6731
 1313.8818   0.7446   2.758028E-14   2.126830E-14   0.7711
 1313.9117   0.7873   2.763357E-14   2.538030E-14   0.9185
 1313.9416   0.8255   2.768648E-14   2.344085E-14   0.8467
 1313.9715   0.8590   2.773900E-14   2.525884E-14   0.9106
 1314.0014   0.8876   2.779112E-14   2.784521E-14   1.0019
 1314.0313   0.9117   2.784284E-14   2.921404E-14   1.0492
 1314.0612   0.9315   2.789415E-14   2.962743E-14   1.0621
 1314.0911   0.9475   2.794506E-14   2.666033E-14   0.9540
 1314.1210   0.9603   2.799555E-14   2.633771E-14   0.9408
 1314.1509   0.9703   2.804562E-14   2.913545E-14   1.0389
 1314.1808   0.9781   2.809526E-14   2.794080E-14   0.9945
 1314.2108   0.9840   2.814464E-14   2.625404E-14   0.9328
 1314.2407   0.9884   2.819342E-14   2.464808E-14   0.8742
 1314.2706   0.9917   2.824175E-14   2.532827E-14   0.8968
 1314.3005   0.9941   2.828965E-14   3.139072E-14   1.1096
 1314.3304   0.9959   2.833709E-14   2.840754E-14   1.0025
 1314.3603   0.9972   2.838408E-14   2.463665E-14   0.8680
 1314.3902   0.9981   2.843061E-14   2.563520E-14   0.9017
 1314.4201   0.9987   2.847668E-14   2.733123E-14   0.9598
 1314.4500   0.9991   2.852228E-14   2.918320E-14   1.0232
 1314.4799   0.9994   2.856740E-14   2.506973E-14   0.8776
 1314.5098   0.9996   2.861205E-14   2.868086E-14   1.0024
 1314.5398   0.9997   2.865635E-14   2.931112E-14   1.0228
 1314.5697   0.9998   2.870003E-14   2.846319E-14   0.9917
 1314.5996   0.9999   2.874321E-14   2.804280E-14   0.9756
 1314.6295   0.9999   2.878589E-14   2.992039E-14   1.0394
 1314.6594   1.0000   2.882806E-14   3.019254E-14   1.0473
 1314.6893   1.0000   2.886973E-14   2.760703E-14   0.9563
 1314.7192   1.0000   2.891089E-14   2.701226E-14   0.9343
 1314.7491   1.0000   2.895153E-14   3.160072E-14   1.0915
 1314.7790   1.0000   2.899165E-14   3.205619E-14   1.1057
 1314.8089   1.0000   2.903124E-14   2.688323E-14   0.9260
 1314.8388   1.0000   2.907029E-14   3.064344E-14   1.0541
 1314.8688   1.0000   2.910894E-14   2.991917E-14   1.0278
 1314.8987   1.0000   2.914692E-14   3.038209E-14   1.0424
 1314.9286   1.0000   2.918435E-14   3.160970E-14   1.0831
 1314.9585   1.0000   2.922123E-14   2.893954E-14   0.9904
 1314.9884   1.0000   2.785350E-14   2.897479E-14   1.0403
 1315.0183   1.0000   2.784594E-14   2.800985E-14   1.0059
 1315.0482   1.0000   2.783775E-14   2.497709E-14   0.8972
 1315.0781   1.0000   2.782893E-14   2.486122E-14   0.8934
 1315.1080   1.0000   2.781949E-14   2.500021E-14   0.8987
 1315.1379   0.9998   2.780944E-14   2.554666E-14   0.9186
 1315.1678   0.9990   2.779877E-14   2.704200E-14   0.9728
 1315.1978   0.9960   2.778746E-14   2.953161E-14   1.0628
 1315.2277   0.9861   2.777558E-14   2.437538E-14   0.8776
 1315.2576   0.9594   2.776311E-14   2.728076E-14   0.9826
 1315.2875   0.9002   2.775004E-14   2.426766E-14   0.8745
 1315.3174   0.7967   2.773638E-14   2.519047E-14   0.9082
 1315.3473   0.6580   2.772213E-14   2.505504E-14   0.9038
 1315.3772   0.5183   2.770730E-14   1.394652E-14   0.5034
 1315.4071   0.4150   2.769190E-14   1.145125E-14   0.4135
 1315.4370   0.3666   2.767593E-14   8.327113E-15   0.3009
 1315.4669   0.3769   2.765939E-14   6.546886E-15   0.2367
 1315.4968   0.4454   2.764228E-14   1.113438E-14   0.4028
 1315.5268   0.5651   2.762456E-14   1.615047E-14   0.5846
 1315.5567   0.7092   2.760634E-14   2.086240E-14   0.7557
 1315.5866   0.8384   2.758757E-14   2.610858E-14   0.9464
 1315.6165   0.9258   2.756825E-14   2.790841E-14   1.0123
 1315.6464   0.9717   2.754840E-14   2.425723E-14   0.8805
 1315.6763   0.9909   2.752801E-14   3.183963E-14   1.1566
 1315.7062   0.9975   2.750708E-14   2.459358E-14   0.8941
 1315.7361   0.9994   2.748563E-14   2.647251E-14   0.9631
 1315.7660   0.9999   2.746366E-14   2.516501E-14   0.9163
 1315.7959   1.0000   2.744116E-14   3.236794E-14   1.1795
 1315.8258   1.0000   2.741816E-14   2.934929E-14   1.0704
 1315.8558   1.0000   2.739456E-14   2.788817E-14   1.0180
 1315.8857   1.0000   2.737054E-14   2.648521E-14   0.9677
 1315.9156   1.0000   2.734601E-14   3.128722E-14   1.1441
 1315.9455   1.0000   2.732099E-14   2.639017E-14   0.9659
 1315.9754   1.0000   2.729548E-14   2.702746E-14   0.9902
 1316.0053   1.0000   2.726947E-14   2.694659E-14   0.9882
 1316.0352   1.0000   2.724299E-14   2.511201E-14   0.9218
 1316.0651   1.0000   2.721603E-14   2.643004E-14   0.9711
 1316.0950   1.0000   2.718859E-14   2.852288E-14   1.0491
 1316.1249   1.0000   2.716068E-14   2.645413E-14   0.9740
 1316.1548   1.0000   2.713231E-14   2.830686E-14   1.0433
 1316.1848   1.0000   2.710337E-14   2.451950E-14   0.9047
 1316.2147   1.0000   2.707408E-14   2.767745E-14   1.0223
 1316.2446   1.0000   2.704434E-14   2.918295E-14   1.0791
 1316.2745   1.0000   2.701414E-14   2.866120E-14   1.0610
 1316.3044   1.0000   2.698351E-14   2.602523E-14   0.9645
 1316.3343   1.0000   2.695243E-14   2.707122E-14   1.0044
 1316.3642   1.0000   2.692092E-14   2.578841E-14   0.9579
 1316.3941   1.0000   2.688899E-14   3.013527E-14   1.1207
 1316.4240   1.0000   2.685662E-14   2.877495E-14   1.0714
 1316.4539   1.0000   2.682383E-14   2.736998E-14   1.0204
 1316.4838   1.0000   2.679063E-14   2.860121E-14   1.0676
 1316.5138   1.0000   2.675690E-14   2.419172E-14   0.9041
 1316.5437   1.0000   2.672288E-14   2.654544E-14   0.9934
 1316.5736   1.0000   2.668845E-14   2.713538E-14   1.0167
 1316.6035   1.0000   2.665362E-14   2.490118E-14   0.9343
 1316.6334   1.0000   2.661840E-14   2.446319E-14   0.9190
 1316.6633   1.0000   2.658279E-14   3.033504E-14   1.1412
 1316.6932   1.0000   2.654679E-14   2.728121E-14   1.0277
 1316.7231   1.0000   2.651041E-14   2.339444E-14   0.8825
 1316.7530   1.0000   2.647366E-14   2.562809E-14   0.9681
 1316.7829   1.0000   2.643653E-14   2.399747E-14   0.9077
 1316.8128   1.0000   2.639904E-14   2.550159E-14   0.9660
 1316.8428   1.0000   2.636105E-14   2.144254E-14   0.8134
 1316.8727   1.0000   2.632283E-14   1.695982E-14   0.6443
 1316.9026   1.0000   2.628425E-14   1.747966E-14   0.6650
 1316.9325   1.0000   2.624533E-14   2.140618E-14   0.8156
 1316.9624   1.0000   2.620606E-14   2.116913E-14   0.8078
 1316.9923   1.0000   2.616645E-14   2.210715E-14   0.8449
 1317.0222   1.0000   2.612650E-14   2.132301E-14   0.8161
 1317.0521   1.0000   2.608622E-14   1.900599E-14   0.7286
 1317.0820   1.0000   2.604561E-14   2.382184E-14   0.9146
 1317.1119   1.0000   2.600467E-14   1.816506E-14   0.6985
 1317.1418   1.0000   2.596342E-14   1.884732E-14   0.7259
 1317.1718   1.0000   2.592171E-14   2.365708E-14   0.9126
 1317.2017   1.0000   2.587984E-14   2.102984E-14   0.8126
 1317.2316   1.0000   2.583765E-14   2.358545E-14   0.9128
 1317.2615   1.0000   2.579517E-14   2.045078E-14   0.7928
 1317.2914   1.0000   2.575238E-14   1.844407E-14   0.7162
 1317.3213   1.0000   2.570931E-14   2.599046E-14   1.0109
 1317.3512   1.0000   2.566594E-14   1.967319E-14   0.7665
 1317.3811   1.0000   2.562229E-14   2.233272E-14   0.8716
 1317.4110   1.0000   2.557837E-14   2.391895E-14   0.9351
 1317.4409   1.0000   2.553417E-14   2.272521E-14   0.8900
 1317.4708   1.0000   2.548969E-14   2.628037E-14   1.0310
 1317.5008   1.0000   2.544480E-14   2.481803E-14   0.9754
 1317.5307   1.0000   2.539980E-14   2.420684E-14   0.9530
 1317.5606   1.0000   2.535455E-14   2.183035E-14   0.8610
 1317.5905   1.0000   2.530903E-14   3.025395E-14   1.1954
 1317.6204   1.0000   2.526328E-14   2.974659E-14   1.1775
 1317.6503   1.0000   2.521727E-14   2.476782E-14   0.9822
 1317.6802   1.0000   2.517103E-14   2.342507E-14   0.9306
 1317.7101   1.0000   2.512455E-14   1.826085E-14   0.7268
 1317.7400   1.0000   2.507784E-14   2.279117E-14   0.9088
 1317.7699   1.0000   2.503091E-14   1.912925E-14   0.7642
 1317.7998   1.0000   2.498375E-14   1.833882E-14   0.7340
 1317.8298   1.0000   2.493622E-14   1.737483E-14   0.6968
 1317.8597   1.0000   2.488863E-14   1.586274E-14   0.6373
 1317.8896   1.0000   2.484084E-14   1.571999E-14   0.6328
 1317.9195   1.0000   2.479284E-14   1.984243E-14   0.8003
 1317.9494   1.0000   2.474464E-14   1.578280E-14   0.6378
 1317.9793   1.0000   2.469625E-14   2.262233E-14   0.9160
 1318.0092   1.0000   2.464766E-14   2.192617E-14   0.8896
 1318.0391   1.0000   2.459889E-14   2.480553E-14   1.0084
 1318.0690   1.0000   2.454994E-14   2.499534E-14   1.0181
 1318.0989   1.0000   2.450081E-14   2.051664E-14   0.8374
 1318.1288   1.0000   2.445151E-14   2.680444E-14   1.0962
 1318.1588   1.0000   2.440187E-14   2.249708E-14   0.9219
 1318.1887   1.0000   2.435223E-14   2.250613E-14   0.9242
 1318.2186   1.0000   2.430244E-14   2.168966E-14   0.8925
 1318.2485   1.0000   2.425249E-14   2.196914E-14   0.9059
 1318.2784   1.0000   2.420238E-14   2.722259E-14   1.1248
 1318.3083   1.0000   2.415213E-14   2.202987E-14   0.9121
 1318.3382   1.0000   2.410174E-14   2.575334E-14   1.0685
 1318.3681   1.0000   2.405122E-14   2.518259E-14   1.0470
 1318.3980   1.0000   2.400056E-14   2.521182E-14   1.0505
 1318.4279   1.0000   2.394977E-14   2.500593E-14   1.0441
 1318.4578   1.0000   2.389885E-14   2.317970E-14   0.9699
 1318.4878   1.0000   2.384765E-14   2.193598E-14   0.9198
 1318.5177   1.0000   2.379650E-14   2.670546E-14   1.1222
 1318.5476   1.0000   2.374524E-14   2.148384E-14   0.9048
 1318.5775   1.0000   2.369387E-14   2.036686E-14   0.8596
 1318.6074   1.0000   2.364240E-14   2.211766E-14   0.9355
 1318.6373   1.0000   2.359084E-14   2.196968E-14   0.9313
 1318.6672   1.0000   2.353918E-14   2.297887E-14   0.9762
 1318.6971   1.0000   2.348743E-14   2.467333E-14   1.0505
 1318.7270   1.0000   2.343560E-14   2.206431E-14   0.9415
 1318.7569   1.0000   2.338369E-14   1.733196E-14   0.7412
 1318.7868   1.0000   2.333170E-14   2.439121E-14   1.0454
 1318.8168   1.0000   2.327947E-14   2.674688E-14   1.1489
 1318.8467   1.0000   2.322734E-14   2.620714E-14   1.1283
 1318.8766   1.0000   2.317515E-14   2.348396E-14   1.0133
 1318.9065   1.0000   2.312291E-14   2.613780E-14   1.1304
 1318.9364   1.0000   2.307061E-14   2.773236E-14   1.2021
 1318.9663   1.0000   2.301826E-14   2.612545E-14   1.1350
 1318.9962   1.0000   2.296587E-14   2.333940E-14   1.0163
 1319.0261   1.0000   2.291344E-14   2.398527E-14   1.0468
 1319.0560   1.0000   2.286097E-14   2.130619E-14   0.9320
 1319.0859   1.0000   2.280847E-14   1.916072E-14   0.8401
 1319.1158   1.0000   2.275595E-14   2.089566E-14   0.9183
 1319.1458   1.0000   2.270322E-14   1.854298E-14   0.8168
 1319.1757   1.0000   2.265066E-14   2.352629E-14   1.0387
 1319.2056   1.0000   2.259808E-14   2.487357E-14   1.1007
 1319.2355   1.0000   2.254549E-14   2.266119E-14   1.0051
 1319.2654   1.0000   2.249290E-14   2.237380E-14   0.9947
 1319.2953   1.0000   2.244031E-14   2.237343E-14   0.9970
 1319.3252   1.0000   2.238772E-14   2.137710E-14   0.9549
 1319.3551   1.0000   2.233514E-14   2.290713E-14   1.0256
 1319.3850   1.0000   2.228257E-14   2.296668E-14   1.0307
 1319.4149   1.0000   2.223002E-14   2.505731E-14   1.1272
 1319.4448   1.0000   2.217750E-14   1.981465E-14   0.8935
 1319.4747   1.0000   2.212500E-14   2.405149E-14   1.0871
 1319.5047   1.0000   2.207235E-14   2.101169E-14   0.9519
 1319.5346   1.0000   2.201992E-14   1.738000E-14   0.7893
 1319.5645   1.0000   2.196753E-14   2.129351E-14   0.9693
 1319.5944   1.0000   2.191518E-14   1.884774E-14   0.8600
 1319.6243   1.0000   2.186288E-14   1.670762E-14   0.7642
 1319.6542   1.0000   2.181063E-14   2.031548E-14   0.9314
 1319.6841   1.0000   2.175844E-14   2.065026E-14   0.9491
 1319.7140   1.0000   2.170631E-14   2.117264E-14   0.9754
 1319.7439   1.0000   2.165425E-14   1.796143E-14   0.8295
 1319.7738   1.0000   2.160226E-14   1.910272E-14   0.8843
 1319.8037   1.0000   2.155034E-14   1.984459E-14   0.9208
 1319.8337   1.0000   2.149833E-14   2.253096E-14   1.0480
 1319.8636   1.0000   2.144658E-14   2.263830E-14   1.0556
 1319.8935   1.0000   2.139492E-14   2.059989E-14   0.9628
 1319.9234   1.0000   2.134335E-14   1.533676E-14   0.7186
 1319.9533   1.0000   2.129188E-14   1.920177E-14   0.9018
 1319.9832   1.0000   2.124051E-14   2.083667E-14   0.9810
 1320.0131   1.0000   2.118924E-14   1.624508E-14   0.7667
 1320.0430   1.0000   2.113809E-14   2.124587E-14   1.0051
 1320.0729   1.0000   2.108705E-14   2.019725E-14   0.9578
 1320.1028   1.0000   2.103613E-14   2.152483E-14   1.0232
 1320.1327   1.0000   2.098533E-14   1.710295E-14   0.8150
 1320.1627   1.0000   2.093450E-14   1.859761E-14   0.8884
 1320.1926   1.0000   2.088397E-14   1.923935E-14   0.9212
 1320.2225   1.0000   2.083357E-14   1.847800E-14   0.8869
 1320.2524   1.0000   2.078332E-14   1.959772E-14   0.9430
 1320.2823   1.0000   2.073321E-14   2.062868E-14   0.9950
 1320.3122   1.0000   2.068325E-14   1.934989E-14   0.9355
 1320.3421   1.0000   2.063345E-14   2.123490E-14   1.0291
 1320.3720   1.0000   2.058380E-14   1.835262E-14   0.8916
 1320.4019   1.0000   2.053433E-14   1.797113E-14   0.8752
 1320.4318   1.0000   2.048502E-14   1.724916E-14   0.8420
 1320.4617   1.0000   2.043588E-14   2.282713E-14   1.1170
 1320.4917   1.0000   2.038675E-14   2.102060E-14   1.0311
 1320.5216   1.0000   2.033797E-14   2.363092E-14   1.1619
 1320.5515   1.0000   2.028938E-14   2.411186E-14   1.1884
 1320.5814   1.0000   2.024098E-14   1.973956E-14   0.9752
 1320.6113   1.0000   2.019277E-14   1.398840E-14   0.6927
 1320.6412   1.0000   2.014477E-14   1.813413E-14   0.9002
 1320.6711   1.0000   2.009696E-14   2.050814E-14   1.0205
 1320.7010   1.0000   2.004937E-14   1.973537E-14   0.9843
 1320.7309   1.0000   2.000198E-14   2.389772E-14   1.1948
 1320.7608   1.0000   1.995482E-14   1.986126E-14   0.9953
 1320.7907   1.0000   1.990787E-14   1.812472E-14   0.9104
 1320.8207   1.0000   1.986100E-14   1.980898E-14   0.9974
 1320.8506   1.0000   1.981451E-14   1.756350E-14   0.8864
 1320.8805   1.0000   1.976826E-14   2.048991E-14   1.0365
 1320.9104   1.0000   1.972225E-14   2.237536E-14   1.1345
 1320.9403   1.0000   1.967648E-14   2.083140E-14   1.0587
 1320.9702   1.0000   1.963096E-14   2.011956E-14   1.0249
