 1194.9777   1.0000   6.051892E-14   6.007526E-14   0.9927
 1195.0076   1.0000   6.054732E-14   6.315416E-14   1.0431
 1195.0375   1.0000   6.057584E-14   6.053047E-14   0.9993
 1195.0674   1.0000   6.060447E-14   5.811135E-14   0.9589
 1195.0973   1.0000   6.063320E-14   6.258879E-14   1.0323
 1195.1272   1.0000   6.066204E-14   6.417631E-14   1.0579
 1195.1571   1.0000   6.069099E-14   6.169836E-14   1.0166
 1195.1870   1.0000   6.072003E-14   5.768709E-14   0.9501
 1195.2169   1.0000   6.074918E-14   6.088528E-14   1.0022
 1195.2469   1.0000   6.077852E-14   6.043555E-14   0.9944
 1195.2768   1.0000   6.080785E-14   5.946962E-14   0.9780
 1195.3067   1.0000   6.083727E-14   6.528559E-14   1.0731
 1195.3366   1.0000   6.086678E-14   6.171563E-14   1.0139
 1195.3665   1.0000   6.089638E-14   6.003321E-14   0.9858
 1195.3964   1.0000   6.092606E-14   5.670459E-14   0.9307
 1195.4263   1.0000   6.095583E-14   6.265933E-14   1.0279
 1195.4562   1.0000   6.098567E-14   6.225601E-14   1.0208
 1195.4861   1.0000   6.101559E-14   5.616099E-14   0.9204
 1195.5160   1.0000   6.104558E-14   5.768335E-14   0.9449
 1195.5459   1.0000   6.107564E-14   5.596265E-14   0.9163
 1195.5759   1.0000   6.110588E-14   5.849207E-14   0.9572
 1195.6058   1.0000   6.113609E-14   5.992115E-14   0.9801
 1195.6357   1.0000   6.116638E-14   6.094305E-14   0.9963
 1195.6656   1.0000   6.119675E-14   6.294063E-14   1.0285
 1195.6955   1.0000   6.122719E-14   6.187021E-14   1.0105
 1195.7254   1.0000   6.125773E-14   6.249903E-14   1.0203
 1195.7553   0.9998   6.128834E-14   5.977035E-14   0.9752
 1195.7852   0.9993   6.131904E-14   5.758390E-14   0.9391
 1195.8151   0.9977   6.134984E-14   5.801562E-14   0.9457
 1195.8450   0.9932   6.138072E-14   5.685608E-14   0.9263
 1195.8749   0.9815   6.141169E-14   5.923820E-14   0.9646
 1195.9049   0.9553   6.144286E-14   5.863856E-14   0.9544
 1195.9348   0.9049   6.147403E-14   5.294072E-14   0.8612
 1195.9647   0.8226   6.150529E-14   5.154140E-14   0.8380
 1195.9946   0.7104   6.153665E-14   4.900264E-14   0.7963
 1196.0245   0.5851   6.156812E-14   4.070501E-14   0.6611
 1196.0544   0.4712   6.159969E-14   2.680744E-14   0.4352
 1196.0843   0.3883   6.163136E-14   2.091050E-14   0.3393
 1196.1142   0.3448   6.166315E-14   1.867064E-14   0.3028
 1196.1441   0.3419   6.169504E-14   2.236485E-14   0.3625
 1196.1740   0.3796   6.172704E-14   2.450058E-14   0.3969
 1196.2039   0.4571   6.175916E-14   3.314181E-14   0.5366
 1196.2339   0.5678   6.179150E-14   3.510561E-14   0.5681
 1196.2638   0.6931   6.182385E-14   4.263441E-14   0.6896
 1196.2937   0.8084   6.185632E-14   4.876314E-14   0.7883
 1196.3236   0.8954   6.188891E-14   5.085954E-14   0.8218
 1196.3535   0.9499   6.192163E-14   5.412993E-14   0.8742
 1196.3834   0.9788   6.195447E-14   5.642906E-14   0.9108
 1196.4133   0.9920   6.198743E-14   5.774217E-14   0.9315
 1196.4432   0.9973   6.202053E-14   6.082197E-14   0.9807
 1196.4731   0.9992   6.205376E-14   5.956086E-14   0.9598
 1196.5030   0.9998   6.208712E-14   6.083886E-14   0.9799
 1196.5329   0.9999   6.212061E-14   5.684120E-14   0.9150
 1196.5629   1.0000   6.215435E-14   5.495215E-14   0.8841
 1196.5928   1.0000   6.218812E-14   5.852827E-14   0.9411
 1196.6227   1.0000   6.222203E-14   5.794719E-14   0.9313
 1196.6526   1.0000   6.225609E-14   5.794825E-14   0.9308
 1196.6825   1.0000   6.229028E-14   5.813276E-14   0.9333
 1196.7124   1.0000   6.232463E-14   6.109510E-14   0.9803
 1196.7423   1.0000   6.235912E-14   5.797926E-14   0.9298
 1196.7722   1.0000   6.239376E-14   5.545178E-14   0.8887
 1196.8021   1.0000   6.242855E-14   5.639689E-14   0.9034
 1196.8320   1.0000   6.246350E-14   5.674319E-14   0.9084
 1196.8619   1.0000   6.249860E-14   5.530967E-14   0.8850
 1196.8919   1.0000   6.253398E-14   5.501160E-14   0.8797
 1196.9218   1.0000   6.256940E-14   5.308015E-14   0.8483
 1196.9517   1.0000   6.260499E-14   5.626557E-14   0.8987
 1196.9816   1.0000   6.264073E-14   5.197880E-14   0.8298
 1197.0115   1.0000   6.267664E-14   4.770918E-14   0.7612
 1197.0414   1.0000   6.271272E-14   5.361059E-14   0.8549
 1197.0713   1.0000   6.274897E-14   5.217580E-14   0.8315
 1197.1012   1.0000   6.278539E-14   5.629670E-14   0.8967
 1197.1311   1.0000   6.282198E-14   5.568900E-14   0.8865
 1197.1610   1.0000   6.285875E-14   6.008745E-14   0.9559
 1197.1909   1.0000   6.289570E-14   5.703633E-14   0.9068
 1197.2209   1.0000   6.293295E-14   5.873804E-14   0.9333
 1197.2508   1.0000   6.297025E-14   6.207831E-14   0.9858
 1197.2807   1.0000   6.300774E-14   6.268964E-14   0.9950
 1197.3106   1.0000   6.304541E-14   6.335467E-14   1.0049
 1197.3405   1.0000   6.308327E-14   6.256894E-14   0.9918
 1197.3704   1.0000   6.312132E-14   6.058097E-14   0.9598
 1197.4003   1.0000   6.315956E-14   6.130195E-14   0.9706
 1197.4302   1.0000   6.319799E-14   5.821172E-14   0.9211
 1197.4601   1.0000   6.323662E-14   6.006926E-14   0.9499
 1197.4900   1.0000   6.327544E-14   6.154329E-14   0.9726
 1197.5199   1.0000   6.331446E-14   6.314952E-14   0.9974
 1197.5499   1.0000   6.335381E-14   6.285646E-14   0.9921
 1197.5798   1.0000   6.339324E-14   6.186143E-14   0.9758
 1197.6097   1.0000   6.343286E-14   6.650743E-14   1.0485
 1197.6396   1.0000   6.347270E-14   6.267276E-14   0.9874
 1197.6695   1.0000   6.351274E-14   6.519747E-14   1.0265
 1197.6994   1.0000   6.355299E-14   6.220840E-14   0.9788
 1197.7293   1.0000   6.359345E-14   6.184614E-14   0.9725
 1197.7592   1.0000   6.363412E-14   5.956736E-14   0.9361
 1197.7891   1.0000   6.367501E-14   5.936132E-14   0.9323
 1197.8190   1.0000   6.371612E-14   6.520403E-14   1.0234
 1197.8489   1.0000   6.375745E-14   6.472604E-14   1.0152
 1197.8789   1.0000   6.379914E-14   6.818340E-14   1.0687
 1197.9088   1.0000   6.384091E-14   6.705000E-14   1.0503
 1197.9387   1.0000   6.388291E-14   6.445195E-14   1.0089
 1197.9686   1.0000   6.392514E-14   6.370937E-14   0.9966
 1197.9985   1.0000   6.396759E-14   6.482643E-14   1.0134
 1198.0284   1.0000   6.401028E-14   6.734615E-14   1.0521
 1198.0583   1.0000   6.405319E-14   6.741667E-14   1.0525
 1198.0882   1.0000   6.409635E-14   6.628440E-14   1.0341
 1198.1181   1.0000   6.413973E-14   6.430177E-14   1.0025
 1198.1480   1.0000   6.418336E-14   6.323499E-14   0.9852
 1198.1779   1.0000   6.422723E-14   6.688549E-14   1.0414
 1198.2079   1.0000   6.427149E-14   6.503927E-14   1.0119
 1198.2378   1.0000   6.431585E-14   6.097288E-14   0.9480
 1198.2677   1.0000   6.436045E-14   6.290311E-14   0.9774
 1198.2976   1.0000   6.440530E-14   6.397616E-14   0.9933
 1198.3275   1.0000   6.445040E-14   6.263132E-14   0.9718
 1198.3574   1.0000   6.449575E-14   6.546234E-14   1.0150
 1198.3873   1.0000   6.454136E-14   6.333252E-14   0.9813
 1198.4172   1.0000   6.458721E-14   6.299530E-14   0.9754
 1198.4471   1.0000   6.463331E-14   6.554992E-14   1.0142
 1198.4770   1.0000   6.467964E-14   6.194469E-14   0.9577
 1198.5069   1.0000   6.472620E-14   6.470518E-14   0.9997
 1198.5369   1.0000   6.477314E-14   6.676653E-14   1.0308
 1198.5668   1.0000   6.482014E-14   6.451581E-14   0.9953
 1198.5967   1.0000   6.486736E-14   6.262423E-14   0.9654
 1198.6266   1.0000   6.491478E-14   6.247783E-14   0.9625
 1198.6565   1.0000   6.496240E-14   6.353654E-14   0.9781
 1198.6864   1.0000   6.501021E-14   6.479922E-14   0.9968
 1198.7163   1.0000   6.505821E-14   6.927240E-14   1.0648
 1198.7462   1.0000   6.510640E-14   6.648362E-14   1.0212
 1198.7761   1.0000   6.515476E-14   6.507063E-14   0.9987
 1198.8060   1.0000   6.520329E-14   6.406047E-14   0.9825
 1198.8359   1.0000   6.525198E-14   6.246290E-14   0.9573
 1198.8659   1.0000   6.530099E-14   6.276875E-14   0.9612
 1198.8958   1.0000   6.534999E-14   6.582880E-14   1.0073
 1198.9257   1.0000   6.539914E-14   6.824764E-14   1.0436
 1198.9556   1.0000   6.544843E-14   6.968830E-14   1.0648
 1198.9855   1.0000   6.549785E-14   6.885512E-14   1.0513
 1199.0154   1.0000   6.554740E-14   6.842837E-14   1.0440
 1199.0453   1.0000   6.559707E-14   6.963350E-14   1.0615
 1199.0752   1.0000   6.564685E-14   6.252928E-14   0.9525
 1199.1051   1.0000   6.569674E-14   6.313913E-14   0.9611
 1199.1350   1.0000   6.574674E-14   6.494150E-14   0.9878
 1199.1649   1.0000   6.579684E-14   6.401841E-14   0.9730
 1199.1949   1.0000   6.584719E-14   6.245621E-14   0.9485
 1199.2248   1.0000   6.589746E-14   5.576790E-14   0.8463
 1199.2547   1.0000   6.594781E-14   5.437304E-14   0.8245
 1199.2846   1.0000   6.599823E-14   5.152355E-14   0.7807
 1199.3145   1.0000   6.604872E-14   4.438611E-14   0.6720
 1199.3444   1.0000   6.609928E-14   3.049314E-14   0.4613
 1199.3743   1.0000   6.614988E-14   2.039195E-14   0.3083
 1199.4042   1.0000   6.620054E-14   1.615581E-14   0.2440
 1199.4341   1.0000   6.625124E-14   1.379872E-14   0.2083
 1199.4640   1.0000   6.630197E-14   1.211169E-14   0.1827
 1199.4939   1.0000   6.635274E-14   1.385781E-14   0.2089
 1199.5239   1.0000   6.640370E-14   1.407352E-14   0.2119
 1199.5538   1.0000   6.645451E-14   1.668012E-14   0.2510
 1199.5837   1.0000   6.650534E-14   2.411528E-14   0.3626
 1199.6136   1.0000   6.655617E-14   3.521314E-14   0.5291
 1199.6435   1.0000   6.660700E-14   4.664223E-14   0.7003
 1199.6734   1.0000   6.665782E-14   5.562865E-14   0.8345
 1199.7033   1.0000   6.670864E-14   6.469959E-14   0.9699
 1199.7332   1.0000   6.675944E-14   7.111169E-14   1.0652
 1199.7631   1.0000   6.681021E-14   6.201354E-14   0.9282
 1199.7930   1.0000   6.686096E-14   6.628363E-14   0.9914
 1199.8229   1.0000   6.691167E-14   6.729736E-14   1.0058
 1199.8529   1.0000   6.696250E-14   6.383442E-14   0.9533
 1199.8828   1.0000   6.701312E-14   7.296534E-14   1.0888
 1199.9127   1.0000   6.706369E-14   7.257930E-14   1.0822
 1199.9426   1.0000   6.711420E-14   6.708342E-14   0.9995
 1199.9725   1.0000   6.716464E-14   5.830623E-14   0.8681
 1200.0024   1.0000   6.721501E-14   4.420986E-14   0.6577
 1200.0323   1.0000   6.726531E-14   3.095175E-14   0.4601
 1200.0622   1.0000   6.731552E-14   2.030323E-14   0.3016
 1200.0921   1.0000   6.736564E-14   1.695843E-14   0.2517
 1200.1220   1.0000   6.741566E-14   1.517659E-14   0.2251
 1200.1519   1.0000   6.746559E-14   1.414133E-14   0.2096
 1200.1819   1.0000   6.751557E-14   1.326396E-14   0.1965
 1200.2118   1.0000   6.756527E-14   1.467376E-14   0.2172
 1200.2417   1.0000   6.761485E-14   1.873198E-14   0.2770
 1200.2716   1.0000   6.766431E-14   2.585222E-14   0.3821
 1200.3015   1.0000   6.771363E-14   4.193150E-14   0.6192
 1200.3314   1.0000   6.776282E-14   4.763793E-14   0.7030
 1200.3613   1.0000   6.781186E-14   5.542293E-14   0.8173
 1200.3912   1.0000   6.786075E-14   5.726473E-14   0.8439
 1200.4211   1.0000   6.790949E-14   5.871918E-14   0.8647
 1200.4510   1.0000   6.795806E-14   5.343663E-14   0.7863
 1200.4809   1.0000   6.800647E-14   4.264446E-14   0.6271
 1200.5109   1.0000   6.805486E-14   3.179552E-14   0.4672
 1200.5408   1.0000   6.810292E-14   1.946960E-14   0.2859
 1200.5707   1.0000   6.815078E-14   1.827076E-14   0.2681
 1200.6006   1.0000   6.819846E-14   1.463673E-14   0.2146
 1200.6305   1.0000   6.824593E-14   1.377243E-14   0.2018
 1200.6604   1.0000   6.829321E-14   1.427090E-14   0.2090
 1200.6903   1.0000   6.834027E-14   1.465272E-14   0.2144
 1200.7202   1.0000   6.838711E-14   1.922300E-14   0.2811
 1200.7501   1.0000   6.843374E-14   3.011953E-14   0.4401
 1200.7800   1.0000   6.848013E-14   4.384759E-14   0.6403
 1200.8099   1.0000   6.852630E-14   5.250478E-14   0.7662
 1200.8399   1.0000   6.857237E-14   6.032974E-14   0.8798
 1200.8698   1.0000   6.861804E-14   6.424447E-14   0.9363
 1200.8997   1.0000   6.866346E-14   6.396015E-14   0.9315
 1200.9296   1.0000   6.870863E-14   6.176420E-14   0.8989
 1200.9595   1.0000   6.875353E-14   5.914989E-14   0.8603
 1200.9894   1.0000   6.879816E-14   6.263640E-14   0.9104
 1201.0193   1.0000   6.884251E-14   6.051378E-14   0.8790
 1201.0492   1.0000   6.888658E-14   6.557123E-14   0.9519
 1201.0791   1.0000   6.893036E-14   6.791186E-14   0.9852
 1201.1090   1.0000   6.897385E-14   6.425839E-14   0.9316
 1201.1389   1.0000   6.901703E-14   6.580814E-14   0.9535
 1201.1689   1.0000   6.906005E-14   7.020818E-14   1.0166
 1201.1988   1.0000   6.910262E-14   6.840248E-14   0.9899
 1201.2287   1.0000   6.914487E-14   7.086620E-14   1.0249
 1201.2586   1.0000   6.918681E-14   6.853138E-14   0.9905
 1201.2885   1.0000   6.922845E-14   6.992479E-14   1.0101
 1201.3184   1.0000   6.926979E-14   7.159574E-14   1.0336
 1201.3483   1.0000   6.931085E-14   6.869501E-14   0.9911
 1201.3782   1.0000   6.935163E-14   7.236565E-14   1.0435
 1201.4081   1.0000   6.939215E-14   7.294923E-14   1.0513
 1201.4380   1.0000   6.943240E-14   7.462131E-14   1.0747
 1201.4679   1.0000   6.947240E-14   7.218356E-14   1.0390
 1201.4979   1.0000   6.951230E-14   7.392870E-14   1.0635
 1201.5278   1.0000   6.955182E-14   6.637648E-14   0.9543
 1201.5577   1.0000   6.959112E-14   6.942688E-14   0.9976
 1201.5876   1.0000   6.963020E-14   6.854178E-14   0.9844
 1201.6175   1.0000   6.966907E-14   7.563174E-14   1.0856
 1201.6474   1.0000   6.970774E-14   7.119269E-14   1.0213
 1201.6773   1.0000   6.974622E-14   6.953149E-14   0.9969
 1201.7072   1.0000   6.978451E-14   6.905414E-14   0.9895
 1201.7371   1.0000   6.982263E-14   6.986328E-14   1.0006
 1201.7670   1.0000   6.986058E-14   6.921078E-14   0.9907
 1201.7969   1.0000   6.989837E-14   7.047947E-14   1.0083
 1201.8269   1.0000   6.993613E-14   6.774990E-14   0.9687
 1201.8568   1.0000   6.997363E-14   7.054608E-14   1.0082
 1201.8867   1.0000   7.001099E-14   6.934888E-14   0.9905
 1201.9166   1.0000   7.004823E-14   6.992646E-14   0.9983
 1201.9465   1.0000   7.008535E-14   7.150717E-14   1.0203
 1201.9764   1.0000   7.012236E-14   6.899812E-14   0.9840
 1202.0063   1.0000   7.015928E-14   7.024296E-14   1.0012
 1202.0362   1.0000   7.019610E-14   6.952292E-14   0.9904
 1202.0661   1.0000   7.023283E-14   6.786351E-14   0.9663
 1202.0960   1.0000   7.026950E-14   6.773902E-14   0.9640
 1202.1259   1.0000   7.030609E-14   6.858226E-14   0.9755
 1202.1559   1.0000   7.034275E-14   7.035034E-14   1.0001
 1202.1858   1.0000   7.037924E-14   7.383813E-14   1.0491
 1202.2157   1.0000   7.041568E-14   6.755724E-14   0.9594
 1202.2456   0.9998   7.045210E-14   6.366913E-14   0.9037
 1202.2755   0.9996   7.048848E-14   6.161777E-14   0.8742
 1202.3054   0.9988   7.052486E-14   6.485693E-14   0.9196
 1202.3353   0.9971   7.056122E-14   6.703434E-14   0.9500
 1202.3652   0.9933   7.059758E-14   6.984482E-14   0.9893
 1202.3951   0.9855   7.063396E-14   6.659135E-14   0.9428
 1202.4250   0.9708   7.067035E-14   6.763128E-14   0.9570
 1202.4549   0.9453   7.070676E-14   6.397933E-14   0.9049
 1202.4849   0.9045   7.074334E-14   6.053673E-14   0.8557
 1202.5148   0.8458   7.077983E-14   6.011788E-14   0.8494
 1202.5447   0.7693   7.081638E-14   6.090029E-14   0.8600
 1202.5746   0.6799   7.085298E-14   5.610490E-14   0.7918
 1202.6045   0.5866   7.088965E-14   5.438167E-14   0.7671
 1202.6344   0.5002   7.092640E-14   5.035443E-14   0.7100
 1202.6643   0.4306   7.096323E-14   4.499036E-14   0.6340
 1202.6942   0.3846   7.100016E-14   4.108319E-14   0.5786
 1202.7241   0.3660   7.103718E-14   3.663686E-14   0.5157
 1202.7540   0.3773   7.107432E-14   3.731769E-14   0.5251
 1202.7839   0.4201   7.111158E-14   3.873850E-14   0.5448
 1202.8139   0.4942   7.114908E-14   4.209507E-14   0.5916
 1202.8438   0.5931   7.118660E-14   5.173882E-14   0.7268
 1202.8737   0.7026   7.122426E-14   5.928964E-14   0.8324
 1202.9036   0.8044   7.126207E-14   6.496589E-14   0.9116
 1202.9335   0.8845   7.130005E-14   6.931670E-14   0.9722
 1202.9634   0.9383   7.133819E-14   7.241846E-14   1.0151
 1202.9933   0.9700   7.137650E-14   7.028472E-14   0.9847
 1203.0232   0.9865   7.141501E-14   6.814932E-14   0.9543
 1203.0531   0.9944   7.145371E-14   6.881757E-14   0.9631
 1203.0830   0.9978   7.149260E-14   7.162351E-14   1.0018
 1203.1129   0.9992   7.153172E-14   7.098712E-14   0.9924
 1203.1429   0.9997   7.157118E-14   6.964169E-14   0.9730
 1203.1728   0.9999   7.161073E-14   7.321571E-14   1.0224
 1203.2027   1.0000   7.165053E-14   7.052291E-14   0.9843
 1203.2326   1.0000   7.169056E-14   7.062517E-14   0.9851
 1203.2625   1.0000   7.173085E-14   6.921311E-14   0.9649
 1203.2924   1.0000   7.177141E-14   6.628008E-14   0.9235
 1203.3223   1.0000   7.181223E-14   6.664956E-14   0.9281
 1203.3522   1.0000   7.185332E-14   7.006337E-14   0.9751
 1203.3821   1.0000   7.189471E-14   6.767227E-14   0.9413
 1203.4120   1.0000   7.193639E-14   6.981224E-14   0.9705
 1203.4419   1.0000   7.197837E-14   6.442264E-14   0.8950
 1203.4719   1.0000   7.202081E-14   6.539304E-14   0.9080
 1203.5018   1.0000   7.206342E-14   6.617283E-14   0.9183
 1203.5317   1.0000   7.210636E-14   6.479766E-14   0.8986
 1203.5616   1.0000   7.214964E-14   6.577642E-14   0.9117
 1203.5915   1.0000   7.219327E-14   6.562190E-14   0.9090
 1203.6214   1.0000   7.223724E-14   6.614888E-14   0.9157
 1203.6513   1.0000   7.228158E-14   6.383597E-14   0.8832
 1203.6812   1.0000   7.232629E-14   6.173038E-14   0.8535
 1203.7111   1.0000   7.237138E-14   6.047692E-14   0.8356
 1203.7410   1.0000   7.241686E-14   5.352816E-14   0.7392
 1203.7709   1.0000   7.246273E-14   4.261709E-14   0.5881
 1203.8009   1.0000   7.250916E-14   3.000793E-14   0.4139
 1203.8308   1.0000   7.255585E-14   2.892240E-14   0.3986
 1203.8607   1.0000   7.260296E-14   3.744284E-14   0.5157
 1203.8906   1.0000   7.265050E-14   4.746255E-14   0.6533
 1203.9205   1.0000   7.269847E-14   5.754687E-14   0.7916
 1203.9504   1.0000   7.274689E-14   6.076307E-14   0.8353
 1203.9803   1.0000   7.279577E-14   6.642724E-14   0.9125
 1204.0102   1.0000   7.284511E-14   6.571562E-14   0.9021
 1204.0401   1.0000   7.289492E-14   6.792461E-14   0.9318
 1204.0700   1.0000   7.294520E-14   7.365434E-14   1.0097
 1204.0999   1.0000   7.299594E-14   7.079322E-14   0.9698
 1204.1299   1.0000   7.304728E-14   7.462683E-14   1.0216
 1204.1598   1.0000   7.309885E-14   6.807188E-14   0.9312
 1204.1897   1.0000   7.315081E-14   7.016366E-14   0.9592
 1204.2196   1.0000   7.320313E-14   6.478034E-14   0.8849
 1204.2495   1.0000   7.325577E-14   7.184206E-14   0.9807
 1204.2794   1.0000   7.330873E-14   7.112240E-14   0.9702
 1204.3093   1.0000   7.336197E-14   7.309708E-14   0.9964
 1204.3392   1.0000   7.341546E-14   7.734357E-14   1.0535
 1204.3691   1.0000   7.346920E-14   7.683870E-14   1.0459
 1204.3990   1.0000   7.352314E-14   7.196937E-14   0.9789
 1204.4289   1.0000   7.357726E-14   6.939563E-14   0.9432
 1204.4589   1.0000   7.363174E-14   6.653358E-14   0.9036
 1204.4888   1.0000   7.368616E-14   7.225385E-14   0.9806
 1204.5187   1.0000   7.374070E-14   7.697538E-14   1.0439
 1204.5486   1.0000   7.379532E-14   7.554907E-14   1.0238
 1204.5785   1.0000   7.385001E-14   7.538214E-14   1.0207
 1204.6084   1.0000   7.390474E-14   7.341943E-14   0.9934
 1204.6383   1.0000   7.395948E-14   7.656711E-14   1.0353
 1204.6682   1.0000   7.401421E-14   7.474699E-14   1.0099
 1204.6981   1.0000   7.406891E-14   7.626121E-14   1.0296
 1204.7280   1.0000   7.412354E-14   6.867506E-14   0.9265
 1204.7579   1.0000   7.417810E-14   7.170131E-14   0.9666
 1204.7879   1.0000   7.423272E-14   7.258144E-14   0.9778
 1204.8178   1.0000   7.428704E-14   7.603472E-14   1.0235
 1204.8477   1.0000   7.434119E-14   7.351435E-14   0.9889
 1204.8776   1.0000   7.439516E-14   7.327208E-14   0.9849
 1204.9075   1.0000   7.444893E-14   7.466813E-14   1.0029
 1204.9374   1.0000   7.450247E-14   7.376897E-14   0.9902
 1204.9673   1.0000   7.455575E-14   7.156597E-14   0.9599
 1204.9972   1.0000   7.460875E-14   7.705436E-14   1.0328
 1205.0271   1.0000   7.466144E-14   7.112731E-14   0.9527
 1205.0570   1.0000   7.471381E-14   7.400774E-14   0.9905
 1205.0869   1.0000   7.476583E-14   7.982435E-14   1.0677
 1205.1169   1.0000   7.481764E-14   7.619028E-14   1.0183
 1205.1468   1.0000   7.486887E-14   7.835593E-14   1.0466
 1205.1767   1.0000   7.491968E-14   7.560866E-14   1.0092
 1205.2066   1.0000   7.497004E-14   7.575635E-14   1.0105
 1205.2365   1.0000   7.501992E-14   7.369893E-14   0.9824
 1205.2664   1.0000   7.506930E-14   7.847713E-14   1.0454
 1205.2963   1.0000   7.511816E-14   7.411889E-14   0.9867
 1205.3262   1.0000   7.516646E-14   7.542521E-14   1.0034
 1205.3561   1.0000   7.521420E-14   7.646291E-14   1.0166
 1205.3860   1.0000   7.526133E-14   7.579482E-14   1.0071
 1205.4159   1.0000   7.530785E-14   7.871285E-14   1.0452
 1205.4459   1.0000   7.535387E-14   7.688463E-14   1.0203
 1205.4758   1.0000   7.539906E-14   7.586505E-14   1.0062
 1205.5057   1.0000   7.544356E-14   7.407806E-14   0.9819
 1205.5356   1.0000   7.548734E-14   7.593116E-14   1.0059
 1205.5655   1.0000   7.553037E-14   7.441845E-14   0.9853
 1205.5954   1.0000   7.557263E-14   7.772962E-14   1.0285
 1205.6253   1.0000   7.561410E-14   7.711171E-14   1.0198
 1205.6552   1.0000   7.565475E-14   7.144622E-14   0.9444
 1205.6851   1.0000   7.569456E-14   7.559820E-14   0.9987
 1205.7150   1.0000   7.573350E-14   7.494796E-14   0.9896
 1205.7449   1.0000   7.577155E-14   7.628583E-14   1.0068
 1205.7749   1.0000   7.580881E-14   7.980407E-14   1.0527
 1205.8048   1.0000   7.584500E-14   7.108131E-14   0.9372
 1205.8347   1.0000   7.588022E-14   7.277740E-14   0.9591
 1205.8646   1.0000   7.591446E-14   7.139195E-14   0.9404
 1205.8945   1.0000   7.594768E-14   7.272505E-14   0.9576
 1205.9244   1.0000   7.597986E-14   7.450744E-14   0.9806
 1205.9543   1.0000   7.601098E-14   7.044203E-14   0.9267
 1205.9842   1.0000   7.604101E-14   7.471342E-14   0.9825
 1206.0141   1.0000   7.606993E-14   6.933854E-14   0.9115
 1206.0440   1.0000   7.609771E-14   6.395986E-14   0.8405
 1206.0739   1.0000   7.612433E-14   6.256470E-14   0.8219
 1206.1039   1.0000   7.614985E-14   6.560559E-14   0.8615
 1206.1338   1.0000   7.617407E-14   6.480725E-14   0.8508
 1206.1637   1.0000   7.619706E-14   5.300606E-14   0.6956
 1206.1936   1.0000   7.621879E-14   4.330780E-14   0.5682
 1206.2235   1.0000   7.623923E-14   2.555416E-14   0.3352
 1206.2534   1.0000   7.625837E-14   1.729409E-14   0.2268
 1206.2833   1.0000   7.627617E-14   8.610573E-15   0.1129
 1206.3132   1.0000   7.629262E-14   5.455493E-15   0.0715
 1206.3431   1.0000   7.630768E-14   4.733811E-15   0.0620
 1206.3730   1.0000   7.632134E-14   3.229176E-15   0.0423
 1206.4029   1.0000   7.633357E-14   3.024495E-15   0.0396
 1206.4329   1.0000   7.634438E-14   1.934741E-15   0.0253
 1206.4628   1.0000   7.635367E-14   1.317304E-15   0.0173
 1206.4927   1.0000   7.636146E-14   1.315044E-15   0.0172
 1206.5226   1.0000   7.636772E-14   1.825777E-15   0.0239
 1206.5525   1.0000   7.637242E-14   2.036089E-15   0.0267
 1206.5824   1.0000   7.637555E-14   2.873182E-15   0.0376
 1206.6123   1.0000   7.637708E-14   5.623188E-15   0.0736
 1206.6422   1.0000   7.637698E-14   7.957579E-15   0.1042
 1206.6721   1.0000   7.637523E-14   9.955833E-15   0.1304
 1206.7020   1.0000   7.637180E-14   8.466989E-15   0.1109
 1206.7319   1.0000   7.636668E-14   8.232883E-15   0.1078
 1206.7619   1.0000   7.635980E-14   8.591261E-15   0.1125
 1206.7918   1.0000   7.635120E-14   1.118382E-14   0.1465
 1206.8217   1.0000   7.634082E-14   1.841730E-14   0.2413
 1206.8516   1.0000   7.632865E-14   2.722361E-14   0.3567
 1206.8815   1.0000   7.631465E-14   3.201436E-14   0.4195
 1206.9114   1.0000   7.629882E-14   2.779853E-14   0.3643
 1206.9413   1.0000   7.628116E-14   3.162347E-14   0.4146
 1206.9712   1.0000   7.626171E-14   4.255777E-14   0.5580
 1207.0011   1.0000   7.624049E-14   4.884773E-14   0.6407
 1207.0310   1.0000   7.621754E-14   5.256273E-14   0.6896
 1207.0609   1.0000   7.619286E-14   4.800863E-14   0.6301
 1207.0909   1.0000   7.616641E-14   4.264229E-14   0.5599
 1207.1208   1.0000   7.613838E-14   3.839254E-14   0.5042
 1207.1507   1.0000   7.610872E-14   3.439418E-14   0.4519
 1207.1806   1.0000   7.607745E-14   2.818580E-14   0.3705
 1207.2105   1.0000   7.604459E-14   2.082616E-14   0.2739
 1207.2404   1.0000   7.601018E-14   1.464816E-14   0.1927
 1207.2703   1.0000   7.597423E-14   1.155483E-14   0.1521
 1207.3002   1.0000   7.593678E-14   1.554276E-14   0.2047
 1207.3301   1.0000   7.589786E-14   2.362231E-14   0.3112
 1207.3600   1.0000   7.585748E-14   3.752603E-14   0.4947
 1207.3899   1.0000   7.581568E-14   5.491036E-14   0.7243
 1207.4199   1.0000   7.577234E-14   6.313340E-14   0.8332
 1207.4498   1.0000   7.572776E-14   6.783448E-14   0.8958
 1207.4797   1.0000   7.568184E-14   7.242896E-14   0.9570
 1207.5096   1.0000   7.563460E-14   7.121598E-14   0.9416
 1207.5395   1.0000   7.558606E-14   7.192423E-14   0.9516
 1207.5694   1.0000   7.553626E-14   6.973751E-14   0.9232
 1207.5993   1.0000   7.548522E-14   7.582077E-14   1.0044
 1207.6292   1.0000   7.543296E-14   7.493402E-14   0.9934
 1207.6591   1.0000   7.537952E-14   7.259382E-14   0.9630
 1207.6890   1.0000   7.532491E-14   7.325880E-14   0.9726
 1207.7189   1.0000   7.526917E-14   7.268015E-14   0.9656
 1207.7489   1.0000   7.521213E-14   7.892076E-14   1.0493
 1207.7788   1.0000   7.515420E-14   7.194691E-14   0.9573
 1207.8087   1.0000   7.509521E-14   7.374542E-14   0.9820
 1207.8386   1.0000   7.503519E-14   7.303368E-14   0.9733
 1207.8685   1.0000   7.497417E-14   7.495579E-14   0.9998
 1207.8984   1.0000   7.491217E-14   7.342822E-14   0.9802
 1207.9283   1.0000   7.484922E-14   7.315068E-14   0.9773
 1207.9582   1.0000   7.478534E-14   7.207230E-14   0.9637
 1207.9881   1.0000   7.472057E-14   7.632591E-14   1.0215
 1208.0180   1.0000   7.465493E-14   7.180459E-14   0.9618
 1208.0479   1.0000   7.458844E-14   7.301288E-14   0.9789
 1208.0779   1.0000   7.452091E-14   7.091470E-14   0.9516
 1208.1078   1.0000   7.445281E-14   7.318945E-14   0.9830
 1208.1377   1.0000   7.438394E-14   7.415224E-14   0.9969
 1208.1676   1.0000   7.431433E-14   7.379575E-14   0.9930
 1208.1975   1.0000   7.424401E-14   7.463292E-14   1.0052
 1208.2274   1.0000   7.417300E-14   7.379582E-14   0.9949
 1208.2573   1.0000   7.410134E-14   7.560483E-14   1.0203
 1208.2872   1.0000   7.402904E-14   7.816542E-14   1.0559
 1208.3171   1.0000   7.395613E-14   7.386596E-14   0.9988
 1208.3470   1.0000   7.388263E-14   7.412329E-14   1.0033
 1208.3769   1.0000   7.380859E-14   7.541756E-14   1.0218
 1208.4069   1.0000   7.373376E-14   7.636374E-14   1.0357
 1208.4368   1.0000   7.365868E-14   7.125651E-14   0.9674
 1208.4667   1.0000   7.358313E-14   7.310717E-14   0.9935
 1208.4966   1.0000   7.350712E-14   7.330196E-14   0.9972
 1208.5265   1.0000   7.343070E-14   7.403386E-14   1.0082
 1208.5564   1.0000   7.335387E-14   7.206639E-14   0.9824
 1208.5863   1.0000   7.327668E-14   7.496900E-14   1.0231
 1208.6162   1.0000   7.319914E-14   7.520977E-14   1.0275
 1208.6461   1.0000   7.312128E-14   7.245601E-14   0.9909
 1208.6760   1.0000   7.304313E-14   7.280547E-14   0.9967
 1208.7059   1.0000   7.296472E-14   7.305569E-14   1.0012
 1208.7359   1.0000   7.288580E-14   7.628442E-14   1.0466
 1208.7658   1.0000   7.280693E-14   7.708288E-14   1.0587
 1208.7957   1.0000   7.272788E-14   7.090072E-14   0.9749
 1208.8256   1.0000   7.264867E-14   7.022930E-14   0.9667
 1208.8555   1.0000   7.256932E-14   6.970335E-14   0.9605
 1208.8854   0.9999   7.248987E-14   7.057439E-14   0.9736
 1208.9153   0.9998   7.241034E-14   6.901676E-14   0.9531
 1208.9452   0.9995   7.233075E-14   7.140958E-14   0.9873
 1208.9751   0.9987   7.225114E-14   7.164169E-14   0.9916
 1209.0050   0.9969   7.217152E-14   7.045249E-14   0.9762
 1209.0349   0.9934   7.209193E-14   6.900828E-14   0.9572
 1209.0649   0.9868   7.201212E-14   6.950107E-14   0.9651
 1209.0948   0.9755   7.193266E-14   6.600398E-14   0.9176
 1209.1247   0.9579   7.185330E-14   6.748268E-14   0.9392
 1209.1546   0.9330   7.177407E-14   6.303017E-14   0.8782
 1209.1845   0.9014   7.169500E-14   6.282960E-14   0.8763
 1209.2144   0.8656   7.161611E-14   6.076445E-14   0.8485
 1209.2443   0.8296   7.153743E-14   5.892169E-14   0.8236
 1209.2742   0.7983   7.145898E-14   6.003029E-14   0.8401
 1209.3041   0.7756   7.138080E-14   6.144451E-14   0.8608
 1209.3340   0.7643   7.130291E-14   5.430893E-14   0.7617
 1209.3639   0.7656   7.122533E-14   5.325015E-14   0.7476
 1209.3939   0.7795   7.114783E-14   5.380100E-14   0.7562
 1209.4238   0.8043   7.107096E-14   5.136427E-14   0.7227
 1209.4537   0.8370   7.099448E-14   5.897150E-14   0.8306
 1209.4836   0.8733   7.091843E-14   6.288784E-14   0.8868
 1209.5135   0.9086   7.084282E-14   6.630445E-14   0.9359
 1209.5434   0.9389   7.076768E-14   7.134400E-14   1.0081
 1209.5733   0.9622   7.069305E-14   7.131451E-14   1.0088
 1209.6032   0.9784   7.061893E-14   6.996525E-14   0.9907
 1209.6331   0.9885   7.054537E-14   7.289829E-14   1.0334
 1209.6630   0.9944   7.047239E-14   7.178354E-14   1.0186
 1209.6929   0.9974   7.040001E-14   7.550901E-14   1.0726
 1209.7229   0.9989   7.032803E-14   7.169010E-14   1.0194
 1209.7528   0.9996   7.025692E-14   6.952497E-14   0.9896
 1209.7827   0.9998   7.018634E-14   7.453508E-14   1.0620
 1209.8126   0.9999   7.011617E-14   7.358199E-14   1.0494
 1209.8425   1.0000   7.004628E-14   7.588890E-14   1.0834
 1209.8724   1.0000   6.997656E-14   7.178625E-14   1.0259
 1209.9023   1.0000   6.990687E-14   6.909137E-14   0.9883
 1209.9322   1.0000   6.983709E-14   7.077999E-14   1.0135
 1209.9621   1.0000   6.976710E-14   6.907657E-14   0.9901
 1209.9920   1.0000   6.969677E-14   6.513119E-14   0.9345
