 1176.9710   1.0000   3.459283E-14   3.537164E-14   1.0225
 1177.0009   1.0000   3.462491E-14   3.806272E-14   1.0993
 1177.0309   1.0000   3.465739E-14   3.206585E-14   0.9252
 1177.0608   1.0000   3.469005E-14   3.313208E-14   0.9551
 1177.0907   1.0000   3.472300E-14   3.551879E-14   1.0229
 1177.1206   1.0000   3.475621E-14   3.550667E-14   1.0216
 1177.1505   1.0000   3.478967E-14   2.797753E-14   0.8042
 1177.1804   1.0000   3.482338E-14   3.504216E-14   1.0063
 1177.2103   1.0000   3.485733E-14   3.500921E-14   1.0044
 1177.2402   1.0000   3.489150E-14   3.290699E-14   0.9431
 1177.2701   1.0000   3.492588E-14   3.260771E-14   0.9336
 1177.3000   1.0000   3.496047E-14   3.523937E-14   1.0080
 1177.3299   1.0000   3.499525E-14   3.403636E-14   0.9726
 1177.3599   1.0000   3.503033E-14   3.490537E-14   0.9964
 1177.3898   1.0000   3.506546E-14   3.508923E-14   1.0007
 1177.4197   1.0000   3.510075E-14   3.577541E-14   1.0192
 1177.4496   1.0000   3.513620E-14   3.118504E-14   0.8875
 1177.4795   1.0000   3.517178E-14   3.382526E-14   0.9617
 1177.5094   1.0000   3.520749E-14   3.596421E-14   1.0215
 1177.5393   1.0000   3.524332E-14   4.263970E-14   1.2099
 1177.5692   1.0000   3.527926E-14   3.383144E-14   0.9590
 1177.5991   1.0000   3.531529E-14   3.890829E-14   1.1017
 1177.6290   1.0000   3.535141E-14   3.732905E-14   1.0559
 1177.6589   1.0000   3.538760E-14   3.503420E-14   0.9900
 1177.6889   1.0000   3.542398E-14   3.625842E-14   1.0236
 1177.7188   1.0000   3.546030E-14   4.276459E-14   1.2060
 1177.7487   0.9999   3.549665E-14   3.152008E-14   0.8880
 1177.7786   0.9998   3.553304E-14   3.273538E-14   0.9213
 1177.8085   0.9996   3.556945E-14   3.187108E-14   0.8960
 1177.8384   0.9992   3.560587E-14   3.573425E-14   1.0036
 1177.8683   0.9984   3.564230E-14   3.240253E-14   0.9091
 1177.8982   0.9972   3.567871E-14   3.590515E-14   1.0063
 1177.9281   0.9950   3.571510E-14   3.519309E-14   0.9854
 1177.9580   0.9915   3.575146E-14   3.642481E-14   1.0188
 1177.9879   0.9860   3.578778E-14   3.676691E-14   1.0274
 1178.0179   0.9776   3.582417E-14   3.593478E-14   1.0031
 1178.0478   0.9657   3.586037E-14   3.231177E-14   0.9010
 1178.0777   0.9493   3.589647E-14   3.412718E-14   0.9507
 1178.1076   0.9281   3.593248E-14   3.246467E-14   0.9035
 1178.1375   0.9022   3.596835E-14   3.114317E-14   0.8658
 1178.1674   0.8726   3.600409E-14   2.849666E-14   0.7915
 1178.1973   0.8408   3.603967E-14   3.325255E-14   0.9227
 1178.2272   0.8091   3.607507E-14   2.867508E-14   0.7949
 1178.2571   0.7796   3.611028E-14   2.587336E-14   0.7165
 1178.2870   0.7540   3.614528E-14   2.970717E-14   0.8219
 1178.3169   0.7332   3.618004E-14   2.375069E-14   0.6565
 1178.3469   0.7171   3.621468E-14   2.584781E-14   0.7137
 1178.3768   0.7057   3.624893E-14   2.393114E-14   0.6602
 1178.4067   0.6980   3.628290E-14   2.603916E-14   0.7177
 1178.4366   0.6936   3.631657E-14   2.850079E-14   0.7848
 1178.4665   0.6920   3.634992E-14   2.727315E-14   0.7503
 1178.4964   0.6931   3.638293E-14   2.777687E-14   0.7635
 1178.5263   0.6969   3.641560E-14   2.759490E-14   0.7578
 1178.5562   0.7038   3.644789E-14   2.479324E-14   0.6802
 1178.5861   0.7145   3.647979E-14   2.146204E-14   0.5883
 1178.6160   0.7295   3.651128E-14   2.128700E-14   0.5830
 1178.6459   0.7493   3.654235E-14   2.603365E-14   0.7124
 1178.6759   0.7740   3.657308E-14   2.680112E-14   0.7328
 1178.7058   0.8028   3.660325E-14   3.319660E-14   0.9069
 1178.7357   0.8343   3.663294E-14   3.233337E-14   0.8826
 1178.7656   0.8662   3.666213E-14   3.088048E-14   0.8423
 1178.7955   0.8965   3.669081E-14   3.942552E-14   1.0745
 1178.8254   0.9232   3.671896E-14   3.888993E-14   1.0591
 1178.8553   0.9454   3.674656E-14   3.884231E-14   1.0570
 1178.8852   0.9627   3.677360E-14   3.810756E-14   1.0363
 1178.9151   0.9755   3.680005E-14   4.172830E-14   1.1339
 1178.9450   0.9845   3.682590E-14   3.870963E-14   1.0512
 1178.9749   0.9905   3.685113E-14   3.604803E-14   0.9782
 1179.0049   0.9944   3.687580E-14   3.844755E-14   1.0426
 1179.0348   0.9968   3.689974E-14   3.888373E-14   1.0538
 1179.0647   0.9982   3.692300E-14   3.810312E-14   1.0320
 1179.0946   0.9991   3.694558E-14   3.289181E-14   0.8903
 1179.1245   0.9995   3.696744E-14   3.512896E-14   0.9503
 1179.1544   0.9998   3.698858E-14   3.407436E-14   0.9212
 1179.1843   0.9999   3.700898E-14   3.598531E-14   0.9723
 1179.2142   0.9999   3.702862E-14   3.728964E-14   1.0070
 1179.2441   1.0000   3.704749E-14   4.007158E-14   1.0816
 1179.2740   1.0000   3.706564E-14   3.671837E-14   0.9906
 1179.3039   1.0000   3.708314E-14   3.776775E-14   1.0185
 1179.3339   1.0000   3.710010E-14   3.336879E-14   0.8994
 1179.3638   1.0000   3.711647E-14   3.478018E-14   0.9371
 1179.3937   1.0000   3.713238E-14   4.023632E-14   1.0836
 1179.4236   1.0000   3.714787E-14   3.268353E-14   0.8798
 1179.4535   1.0000   3.716302E-14   3.900488E-14   1.0496
 1179.4834   1.0000   3.717789E-14   3.971401E-14   1.0682
 1179.5133   1.0000   3.719253E-14   4.146504E-14   1.1149
 1179.5432   1.0000   3.720702E-14   3.339285E-14   0.8975
 1179.5731   1.0000   3.722141E-14   4.002711E-14   1.0754
 1179.6030   1.0000   3.723576E-14   3.409577E-14   0.9157
 1179.6329   1.0000   3.725013E-14   3.424942E-14   0.9194
 1179.6629   1.0000   3.726465E-14   3.318872E-14   0.8906
 1179.6928   1.0000   3.727926E-14   4.178109E-14   1.1208
 1179.7227   1.0000   3.729409E-14   3.861814E-14   1.0355
 1179.7526   1.0000   3.730919E-14   3.825984E-14   1.0255
 1179.7825   1.0000   3.732463E-14   4.069715E-14   1.0904
 1179.8124   1.0000   3.734046E-14   3.508981E-14   0.9397
 1179.8423   1.0000   3.735675E-14   3.737451E-14   1.0005
 1179.8722   1.0000   3.737356E-14   3.810168E-14   1.0195
 1179.9021   1.0000   3.739096E-14   3.966512E-14   1.0608
 1179.9320   1.0000   3.740900E-14   3.647635E-14   0.9751
 1179.9619   1.0000   3.742775E-14   3.896255E-14   1.0410
 1179.9919   1.0000   3.744733E-14   3.474035E-14   0.9277
 1180.0218   1.0000   3.746768E-14   3.210925E-14   0.8570
 1180.0517   1.0000   3.748892E-14   3.544490E-14   0.9455
 1180.0816   1.0000   3.751111E-14   4.359440E-14   1.1622
 1180.1115   1.0000   3.753433E-14   4.073362E-14   1.0852
 1180.1414   1.0000   3.755862E-14   3.491141E-14   0.9295
 1180.1713   1.0000   3.758405E-14   3.607798E-14   0.9599
 1180.2012   1.0000   3.761068E-14   3.994012E-14   1.0619
 1180.2311   1.0000   3.763857E-14   3.736253E-14   0.9927
 1180.2610   1.0000   3.766779E-14   3.621675E-14   0.9615
 1180.2909   1.0000   3.769840E-14   3.879459E-14   1.0291
 1180.3209   1.0000   3.773057E-14   4.015833E-14   1.0643
 1180.3508   1.0000   3.776414E-14   3.833512E-14   1.0151
 1180.3807   1.0000   3.779929E-14   3.149141E-14   0.8331
 1180.4106   1.0000   3.783607E-14   3.944084E-14   1.0424
 1180.4405   1.0000   3.787455E-14   3.287163E-14   0.8679
 1180.4704   1.0000   3.791477E-14   3.700328E-14   0.9760
 1180.5003   1.0000   3.795665E-14   3.599557E-14   0.9483
 1180.5302   1.0000   3.800009E-14   3.358292E-14   0.8838
 1180.5601   1.0000   3.804502E-14   3.819995E-14   1.0041
 1180.5900   1.0000   3.809133E-14   3.781238E-14   0.9927
 1180.6199   1.0000   3.813893E-14   3.765405E-14   0.9873
 1180.6499   1.0000   3.818789E-14   3.657106E-14   0.9577
 1180.6798   1.0000   3.823778E-14   3.729393E-14   0.9753
 1180.7097   1.0000   3.828869E-14   3.797149E-14   0.9917
 1180.7396   1.0000   3.834051E-14   4.112179E-14   1.0725
 1180.7695   1.0000   3.839314E-14   3.813906E-14   0.9934
 1180.7994   1.0000   3.844650E-14   3.777599E-14   0.9826
 1180.8293   1.0000   3.850049E-14   4.040986E-14   1.0496
 1180.8592   1.0000   3.855502E-14   4.213600E-14   1.0929
 1180.8891   1.0000   3.860998E-14   4.002456E-14   1.0366
 1180.9190   1.0000   3.866530E-14   4.127033E-14   1.0674
 1180.9489   1.0000   3.872087E-14   3.934917E-14   1.0162
 1180.9789   1.0000   3.877679E-14   4.127721E-14   1.0645
 1181.0088   1.0000   3.883258E-14   4.004098E-14   1.0311
 1181.0387   1.0000   3.888835E-14   3.593835E-14   0.9241
 1181.0686   1.0000   3.894400E-14   3.466164E-14   0.8900
 1181.0985   1.0000   3.899943E-14   4.384824E-14   1.1243
 1181.1284   1.0000   3.905455E-14   3.795335E-14   0.9718
 1181.1583   1.0000   3.910926E-14   4.169135E-14   1.0660
 1181.1882   1.0000   3.916348E-14   3.872200E-14   0.9887
 1181.2181   1.0000   3.921710E-14   3.759809E-14   0.9587
 1181.2480   1.0000   3.927004E-14   3.687899E-14   0.9391
 1181.2779   1.0000   3.932220E-14   3.608540E-14   0.9177
 1181.3079   1.0000   3.937365E-14   3.776641E-14   0.9592
 1181.3378   1.0000   3.942396E-14   4.044726E-14   1.0260
 1181.3677   1.0000   3.947320E-14   3.979848E-14   1.0082
 1181.3976   1.0000   3.952129E-14   3.669258E-14   0.9284
 1181.4275   1.0000   3.956813E-14   4.151697E-14   1.0493
 1181.4574   1.0000   3.961362E-14   4.442659E-14   1.1215
 1181.4873   1.0000   3.965768E-14   3.823547E-14   0.9641
 1181.5172   1.0000   3.970020E-14   3.827182E-14   0.9640
 1181.5471   1.0000   3.974109E-14   3.998887E-14   1.0062
 1181.5770   1.0000   3.978026E-14   4.028035E-14   1.0126
 1181.6069   1.0000   3.981762E-14   3.977480E-14   0.9989
 1181.6369   1.0000   3.985318E-14   4.077133E-14   1.0230
 1181.6668   1.0000   3.988661E-14   3.809431E-14   0.9551
 1181.6967   1.0000   3.991798E-14   4.582614E-14   1.1480
 1181.7266   1.0000   3.994733E-14   3.522072E-14   0.8817
 1181.7565   1.0000   3.997474E-14   3.780706E-14   0.9458
 1181.7864   1.0000   4.000029E-14   3.311735E-14   0.8279
 1181.8163   1.0000   4.002405E-14   3.972118E-14   0.9924
 1181.8462   1.0000   4.004611E-14   4.158619E-14   1.0385
 1181.8761   1.0000   4.006655E-14   4.652373E-14   1.1612
 1181.9060   1.0000   4.008545E-14   4.182814E-14   1.0435
 1181.9359   1.0000   4.010288E-14   3.904723E-14   0.9737
 1181.9659   1.0000   4.011897E-14   4.038949E-14   1.0067
 1181.9958   1.0000   4.013371E-14   3.547604E-14   0.8839
 1182.0257   1.0000   4.014721E-14   4.205680E-14   1.0476
 1182.0556   1.0000   4.015956E-14   3.865374E-14   0.9625
 1182.0855   1.0000   4.017085E-14   3.441672E-14   0.8568
 1182.1154   1.0000   4.018114E-14   4.064043E-14   1.0114
 1182.1453   1.0000   4.019052E-14   3.839874E-14   0.9554
 1182.1752   1.0000   4.019906E-14   3.857948E-14   0.9597
 1182.2051   1.0000   4.020686E-14   4.014308E-14   0.9984
 1182.2350   1.0000   4.021397E-14   4.013299E-14   0.9980
 1182.2649   1.0000   4.022049E-14   3.890815E-14   0.9674
 1182.2949   1.0000   4.022651E-14   4.237817E-14   1.0535
 1182.3248   1.0000   4.023208E-14   4.389704E-14   1.0911
 1182.3547   1.0000   4.023728E-14   4.339259E-14   1.0784
 1182.3846   1.0000   4.024221E-14   3.729852E-14   0.9269
 1182.4145   1.0000   4.024693E-14   4.181701E-14   1.0390
 1182.4444   1.0000   4.025153E-14   3.836635E-14   0.9532
 1182.4743   1.0000   4.025609E-14   3.973833E-14   0.9871
 1182.5042   1.0000   4.026069E-14   3.782096E-14   0.9394
 1182.5341   1.0000   4.026539E-14   3.642849E-14   0.9047
 1182.5640   1.0000   4.027030E-14   4.352137E-14   1.0807
 1182.5939   1.0000   4.027547E-14   3.919078E-14   0.9731
 1182.6239   1.0000   4.028102E-14   3.952908E-14   0.9813
 1182.6538   1.0000   4.028698E-14   4.435071E-14   1.1009
 1182.6837   1.0000   4.029345E-14   4.140392E-14   1.0276
 1182.7136   1.0000   4.030052E-14   4.268880E-14   1.0593
 1182.7435   1.0000   4.030824E-14   3.886785E-14   0.9643
 1182.7734   1.0000   4.031672E-14   3.909242E-14   0.9696
 1182.8033   1.0000   4.032602E-14   4.073060E-14   1.0100
 1182.8332   1.0000   4.033623E-14   3.662026E-14   0.9079
 1182.8631   1.0000   4.034742E-14   3.782471E-14   0.9375
 1182.8930   1.0000   4.035968E-14   4.234513E-14   1.0492
 1182.9229   1.0000   4.037307E-14   5.042793E-14   1.2490
 1182.9529   1.0000   4.038766E-14   3.963680E-14   0.9814
 1182.9828   1.0000   4.040338E-14   3.423957E-14   0.8474
 1183.0127   1.0000   4.042027E-14   3.864181E-14   0.9560
 1183.0426   1.0000   4.043837E-14   4.449376E-14   1.1003
 1183.0725   1.0000   4.045767E-14   3.755769E-14   0.9283
 1183.1024   1.0000   4.047820E-14   4.003382E-14   0.9890
 1183.1323   1.0000   4.049997E-14   3.902014E-14   0.9635
 1183.1622   1.0000   4.052299E-14   3.677433E-14   0.9075
 1183.1921   1.0000   4.054727E-14   4.484936E-14   1.1061
 1183.2220   1.0000   4.057283E-14   3.898562E-14   0.9609
 1183.2519   1.0000   4.059968E-14   3.707431E-14   0.9132
 1183.2819   1.0000   4.062793E-14   3.534709E-14   0.8700
 1183.3118   1.0000   4.065741E-14   4.463053E-14   1.0977
 1183.3417   1.0000   4.068822E-14   3.688237E-14   0.9065
 1183.3716   1.0000   4.072037E-14   3.928553E-14   0.9648
 1183.4015   1.0000   4.075389E-14   3.703188E-14   0.9087
 1183.4314   1.0000   4.078878E-14   4.169369E-14   1.0222
 1183.4613   1.0000   4.082505E-14   4.267925E-14   1.0454
 1183.4912   1.0000   4.086272E-14   4.369623E-14   1.0693
 1183.5211   1.0000   4.090181E-14   3.818736E-14   0.9336
 1183.5510   1.0000   4.094233E-14   4.436882E-14   1.0837
 1183.5809   1.0000   4.098428E-14   4.298865E-14   1.0489
 1183.6109   1.0000   4.102784E-14   3.643439E-14   0.8880
 1183.6408   1.0000   4.107272E-14   4.038858E-14   0.9833
 1183.6707   1.0000   4.111908E-14   3.951428E-14   0.9610
 1183.7006   1.0000   4.116694E-14   4.467026E-14   1.0851
 1183.7305   1.0000   4.121631E-14   4.432738E-14   1.0755
 1183.7604   1.0000   4.126719E-14   4.120547E-14   0.9985
 1183.7903   1.0000   4.131962E-14   4.019302E-14   0.9727
 1183.8202   1.0000   4.137359E-14   4.428614E-14   1.0704
 1183.8501   1.0000   4.142913E-14   4.102162E-14   0.9902
 1183.8800   1.0000   4.148624E-14   4.238836E-14   1.0217
 1183.9099   1.0000   4.154494E-14   3.910591E-14   0.9413
 1183.9399   1.0000   4.160545E-14   4.475114E-14   1.0756
 1183.9698   1.0000   4.166737E-14   4.184795E-14   1.0043
 1183.9997   1.0000   4.173093E-14   4.099089E-14   0.9823
 1184.0296   1.0000   4.179613E-14   3.994963E-14   0.9558
 1184.0595   1.0000   4.186299E-14   4.491064E-14   1.0728
 1184.0894   1.0000   4.193152E-14   4.267435E-14   1.0177
 1184.1193   1.0000   4.200174E-14   4.604205E-14   1.0962
 1184.1492   1.0000   4.207362E-14   4.141100E-14   0.9843
 1184.1791   1.0000   4.214701E-14   4.036958E-14   0.9578
 1184.2090   1.0000   4.222172E-14   3.818052E-14   0.9043
 1184.2389   1.0000   4.229758E-14   4.159111E-14   0.9833
 1184.2689   0.9999   4.237466E-14   3.713744E-14   0.8764
 1184.2988   0.9999   4.245224E-14   4.224561E-14   0.9951
 1184.3287   0.9997   4.253041E-14   4.240016E-14   0.9969
 1184.3586   0.9995   4.260897E-14   4.121392E-14   0.9673
 1184.3885   0.9990   4.268775E-14   4.343227E-14   1.0174
 1184.4184   0.9982   4.276655E-14   4.390848E-14   1.0267
 1184.4483   0.9969   4.284520E-14   4.221558E-14   0.9853
 1184.4782   0.9947   4.292349E-14   4.423777E-14   1.0306
 1184.5081   0.9914   4.300126E-14   4.526128E-14   1.0526
 1184.5380   0.9864   4.307830E-14   4.030109E-14   0.9355
 1184.5679   0.9793   4.315445E-14   4.438292E-14   1.0285
 1184.5979   0.9695   4.322975E-14   4.421349E-14   1.0228
 1184.6278   0.9567   4.330353E-14   3.720225E-14   0.8591
 1184.6577   0.9407   4.337584E-14   3.750922E-14   0.8647
 1184.6876   0.9216   4.344651E-14   4.076129E-14   0.9382
 1184.7175   0.9002   4.351535E-14   3.972302E-14   0.9129
 1184.7474   0.8774   4.358217E-14   3.818172E-14   0.8761
 1184.7773   0.8546   4.364678E-14   3.954138E-14   0.9059
 1184.8072   0.8329   4.370901E-14   3.679103E-14   0.8417
 1184.8371   0.8135   4.376865E-14   3.322940E-14   0.7592
 1184.8670   0.7972   4.382554E-14   4.582196E-14   1.0456
 1184.8969   0.7846   4.387948E-14   3.593444E-14   0.8189
 1184.9269   0.7757   4.393046E-14   3.642440E-14   0.8291
 1184.9568   0.7708   4.397793E-14   4.273031E-14   0.9716
 1184.9867   0.7697   4.402191E-14   3.929906E-14   0.8927
 1185.0166   0.7724   4.406219E-14   3.249780E-14   0.7375
 1185.0465   0.7790   4.409860E-14   3.758059E-14   0.8522
 1185.0764   0.7895   4.413094E-14   2.908603E-14   0.6591
 1185.1063   0.8038   4.415904E-14   3.128506E-14   0.7085
 1185.1362   0.8214   4.418270E-14   3.231400E-14   0.7314
 1185.1661   0.8419   4.420175E-14   3.841899E-14   0.8692
 1185.1960   0.8643   4.421599E-14   3.976604E-14   0.8994
 1185.2259   0.8872   4.422523E-14   3.461584E-14   0.7827
 1185.2559   0.9097   4.422931E-14   4.002454E-14   0.9049
 1185.2858   0.9301   4.422800E-14   4.752351E-14   1.0745
 1185.3157   0.9479   4.422115E-14   3.730393E-14   0.8436
 1185.3456   0.9626   4.420855E-14   3.686189E-14   0.8338
 1185.3755   0.9741   4.419013E-14   4.404559E-14   0.9967
 1185.4054   0.9827   4.416615E-14   3.508457E-14   0.7944
 1185.4353   0.9888   4.413697E-14   3.838504E-14   0.8697
 1185.4652   0.9930   4.410294E-14   4.380075E-14   0.9931
 1185.4951   0.9958   4.406442E-14   4.349911E-14   0.9872
 1185.5250   0.9975   4.402178E-14   4.889081E-14   1.1106
 1185.5549   0.9986   4.397537E-14   3.954816E-14   0.8993
 1185.5849   0.9992   4.392537E-14   4.206593E-14   0.9577
 1185.6148   0.9996   4.387249E-14   4.079029E-14   0.9297
 1185.6447   0.9998   4.381691E-14   3.883928E-14   0.8864
 1185.6746   0.9999   4.375900E-14   4.913551E-14   1.1229
 1185.7045   0.9999   4.369912E-14   4.395106E-14   1.0058
 1185.7344   1.0000   4.363761E-14   3.905011E-14   0.8949
 1185.7643   1.0000   4.357485E-14   4.137334E-14   0.9495
 1185.7942   1.0000   4.351119E-14   4.157473E-14   0.9555
 1185.8241   1.0000   4.344698E-14   4.526429E-14   1.0418
 1185.8540   1.0000   4.338260E-14   4.458625E-14   1.0277
 1185.8839   1.0000   4.331838E-14   4.000456E-14   0.9235
 1185.9139   1.0000   4.325449E-14   4.789623E-14   1.1073
 1185.9438   1.0000   4.319171E-14   4.084475E-14   0.9457
 1185.9737   1.0000   4.313018E-14   3.827044E-14   0.8873
