   1   302
 1.0000000
 1.0000000
 1.0000000
 1.0000000
 1.0000000
 1.0000000
 1.0000000
 1.0000000
 1.0000000
 1.0000000
 1.0000000
 1.0000000
 1.0000000
 1.0000000
 1.0000000
 1.0000000
 1.0000000
 1.0000000
 0.9999999
 0.9999997
 0.9999993
 0.9999982
 0.9999957
 0.9999900
 0.9999775
 0.9999507
 0.9998953
 0.9997846
 0.9995702
 0.9991683
 0.9984398
 0.9971637
 0.9950057
 0.9914876
 0.9859705
 0.9776374
 0.9656886
 0.9493362
 0.9281379
 0.9022393
 0.8725624
 0.8407914
 0.8090876
 0.7796042
 0.7539981
 0.7331507
 0.7171368
 0.7056548
 0.6980123
 0.6936049
 0.6920105
 0.6930623
 0.6968711
 0.7038112
 0.7144592
 0.7294581
 0.7492851
 0.7740428
 0.8028491
 0.8342660
 0.8662059
 0.8964664
 0.9232347
 0.9454239
 0.9627411
 0.9755299
 0.9845111
 0.9905352
 0.9944189
 0.9968096
 0.9982337
 0.9990524
 0.9995072
 0.9997515
 0.9998785
 0.9999424
 0.9999735
 0.9999882
 0.9999949
 0.9999979
 0.9999991
 0.9999997
 0.9999999
 1.0000000
 1.0000000
 1.0000000
 1.0000000
 1.0000000
 1.0000000
 1.0000000
 1.0000000
 1.0000000
 1.0000000
 1.0000000
 1.0000000
 1.0000000
 1.0000000
 1.0000000
 1.0000000
 1.0000000
 1.0000000
 1.0000000
 1.0000000
 1.0000000
 1.0000000
 1.0000000
 1.0000000
 1.0000000
 1.0000000
 1.0000000
 1.0000000
 1.0000000
 1.0000000
 1.0000000
 1.0000000
 1.0000000
 1.0000000
 1.0000000
 1.0000000
 1.0000000
 1.0000000
 1.0000000
 1.0000000
 1.0000000
 1.0000000
 1.0000000
 1.0000000
 1.0000000
 1.0000000
 1.0000000
 1.0000000
 1.0000000
 1.0000000
 1.0000000
 1.0000000
 1.0000000
 1.0000000
 1.0000000
 1.0000000
 1.0000000
 1.0000000
 1.0000000
 1.0000000
 1.0000000
 1.0000000
 1.0000000
 1.0000000
 1.0000000
 1.0000000
 1.0000000
 1.0000000
 1.0000000
 1.0000000
 1.0000000
 1.0000000
 1.0000000
 1.0000000
 1.0000000
 1.0000000
 1.0000000
 1.0000000
 1.0000000
 1.0000000
 1.0000000
 1.0000000
 1.0000000
 1.0000000
 1.0000000
 1.0000000
 1.0000000
 1.0000000
 1.0000000
 1.0000000
 1.0000000
 1.0000000
 1.0000000
 1.0000000
 1.0000000
 1.0000000
 1.0000000
 1.0000000
 1.0000000
 1.0000000
 1.0000000
 1.0000000
 1.0000000
 1.0000000
 1.0000000
 1.0000000
 1.0000000
 1.0000000
 1.0000000
 1.0000000
 1.0000000
 1.0000000
 1.0000000
 1.0000000
 1.0000000
 1.0000000
 1.0000000
 1.0000000
 1.0000000
 1.0000000
 1.0000000
 1.0000000
 1.0000000
 1.0000000
 1.0000000
 1.0000000
 1.0000000
 1.0000000
 1.0000000
 1.0000000
 1.0000000
 1.0000000
 1.0000000
 1.0000000
 1.0000000
 1.0000000
 1.0000000
 1.0000000
 1.0000000
 1.0000000
 1.0000000
 1.0000000
 1.0000000
 1.0000000
 1.0000000
 1.0000000
 1.0000000
 1.0000000
 1.0000000
 1.0000000
 1.0000000
 1.0000000
 1.0000000
 0.9999999
 0.9999998
 0.9999994
 0.9999986
 0.9999968
 0.9999927
 0.9999838
 0.9999653
 0.9999274
 0.9998532
 0.9997121
 0.9994521
 0.9989886
 0.9981895
 0.9968582
 0.9947165
 0.9913947
 0.9864355
 0.9793243
 0.9695178
 0.9566867
 0.9406503
 0.9216147
 0.9002070
 0.8774397
 0.8545683
 0.8328820
 0.8134989
 0.7972345
 0.7845738
 0.7757097
 0.7707527
 0.7696554
 0.7724112
 0.7790339
 0.7895188
 0.8037578
 0.8214315
 0.8419169
 0.8642600
 0.8872478
 0.9096507
 0.9301415
 0.9479387
 0.9625980
 0.9740800
 0.9826569
 0.9887851
 0.9929847
 0.9957515
 0.9975074
 0.9985826
 0.9992201
 0.9995830
 0.9997837
 0.9998912
 0.9999469
 0.9999749
 0.9999884
 0.9999949
 0.9999978
 0.9999991
 0.9999996
 0.9999999
 0.9999999
 1.0000000
