   2   269
 1.0000000
 1.0000000
 1.0000000
 1.0000000
 0.9999999
 0.9999998
 0.9999996
 0.9999991
 0.9999981
 0.9999959
 0.9999914
 0.9999822
 0.9999639
 0.9999285
 0.9998612
 0.9997361
 0.9995089
 0.9991049
 0.9984030
 0.9972111
 0.9952350
 0.9920261
 0.9869866
 0.9792767
 0.9678518
 0.9515221
 0.9291321
 0.8998843
 0.8637878
 0.8221075
 0.7775628
 0.7339981
 0.6953183
 0.6647468
 0.6431565
 0.6296187
 0.6220619
 0.6182724
 0.6165377
 0.6157961
 0.6154917
 0.6153680
 0.6153168
 0.6152950
 0.6152857
 0.6152824
 0.6152830
 0.6152880
 0.6153005
 0.6153294
 0.6153980
 0.6155654
 0.6159774
 0.6169705
 0.6192584
 0.6241041
 0.6334348
 0.6495135
 0.6741398
 0.7076413
 0.7482963
 0.7926565
 0.8366242
 0.8766566
 0.9105182
 0.9374864
 0.9577000
 0.9722254
 0.9822585
 0.9889534
 0.9932855
 0.9960114
 0.9976828
 0.9986827
 0.9992670
 0.9996006
 0.9997874
 0.9998889
 0.9999432
 0.9999715
 0.9999860
 0.9999933
 0.9999968
 0.9999985
 0.9999993
 0.9999997
 0.9999999
 0.9999999
 1.0000000
 1.0000000
 1.0000000
 1.0000000
 1.0000000
 1.0000000
 1.0000000
 1.0000000
 1.0000000
 1.0000000
 1.0000000
 1.0000000
 1.0000000
 1.0000000
 1.0000000
 1.0000000
 1.0000000
 1.0000000
 1.0000000
 1.0000000
 1.0000000
 1.0000000
 1.0000000
 1.0000000
 1.0000000
 1.0000000
 1.0000000
 1.0000000
 1.0000000
 1.0000000
 1.0000000
 1.0000000
 1.0000000
 1.0000000
 1.0000000
 1.0000000
 1.0000000
 1.0000000
 1.0000000
 1.0000000
 1.0000000
 1.0000000
 1.0000000
 1.0000000
 1.0000000
 1.0000000
 1.0000000
 1.0000000
 1.0000000
 1.0000000
 1.0000000
 1.0000000
 1.0000000
 1.0000000
 1.0000000
 1.0000000
 1.0000000
 1.0000000
 0.9999999
 0.9999998
 0.9999995
 0.9999988
 0.9999975
 0.9999948
 0.9999893
 0.9999785
 0.9999578
 0.9999186
 0.9998464
 0.9997160
 0.9994858
 0.9990884
 0.9984174
 0.9973103
 0.9955265
 0.9927217
 0.9884068
 0.9819931
 0.9727155
 0.9597282
 0.9422000
 0.9194926
 0.8914017
 0.8584046
 0.8218170
 0.7837392
 0.7467265
 0.7131377
 0.6850027
 0.6629941
 0.6469038
 0.6358277
 0.6285761
 0.6240082
 0.6212106
 0.6195359
 0.6185661
 0.6180522
 0.6178617
 0.6179473
 0.6183298
 0.6191072
 0.6204798
 0.6227953
 0.6266089
 0.6327335
 0.6422373
 0.6563228
 0.6760482
 0.7020245
 0.7336777
 0.7696353
 0.8076223
 0.8450474
 0.8795869
 0.9096113
 0.9343391
 0.9537467
 0.9683402
 0.9789036
 0.9863137
 0.9913194
 0.9946195
 0.9967385
 0.9980655
 0.9988768
 0.9993615
 0.9996446
 0.9998062
 0.9998965
 0.9999459
 0.9999723
 0.9999861
 0.9999932
 0.9999967
 0.9999985
 0.9999993
 0.9999997
 0.9999999
 0.9999999
 1.0000000
 1.0000000
 1.0000000
 1.0000000
 1.0000000
 1.0000000
 1.0000000
 1.0000000
 1.0000000
 1.0000000
 1.0000000
 1.0000000
 1.0000000
 1.0000000
 1.0000000
 1.0000000
 1.0000000
 1.0000000
 1.0000000
 1.0000000
 1.0000000
 1.0000000
 1.0000000
 1.0000000
 1.0000000
 1.0000000
 1.0000000
 1.0000000
 1.0000000
 1.0000000
 1.0000000
 1.0000000
 1.0000000
 1.0000000
 1.0000000
 1.0000000
 1.0000000
 1.0000000
 1.0000000
 1.0000000
 1.0000000
 1.0000000
 1.0000000
 1.0000000
 1.0000000
 1.0000000
 1.0000000
 1.0000000
 1.0000000
 1.0000000
 1.0000000
 1.0000000
 1.0000000
 1.0000000
 1.0000000
 1.0000000
 1.0000000
 1.0000000
 1.0000000
 1.0000000
 1.0000000
 1.0000000
 1.0000000
 1.0000000
 1.0000000
 1.0000000
 1.0000000
 1.0000000
 0.9999999
 0.9999999
 0.9999998
 0.9999995
 0.9999990
 0.9999980
 0.9999962
 0.9999928
 0.9999866
 0.9999755
 0.9999562
 0.9999230
 0.9998673
 0.9997754
 0.9996270
 0.9993920
 0.9990259
 0.9984709
 0.9976444
 0.9964392
 0.9947184
 0.9923139
 0.9890269
 0.9846331
 0.9788935
 0.9715707
 0.9624526
 0.9513398
 0.9382316
 0.9231331
 0.9062192
 0.8878122
 0.8683782
 0.8485079
 0.8288823
 0.8102286
 0.7932725
 0.7786909
 0.7670397
 0.7588677
 0.7544609
 0.7539965
 0.7574931
 0.7648103
 0.7756527
 0.7895818
 0.8060342
 0.8243504
 0.8438124
 0.8637551
 0.8833477
 0.9020412
 0.9193379
 0.9348812
 0.9484621
 0.9600119
 0.9695810
 0.9773112
 0.9834048
 0.9880953
 0.9916335
 0.9942251
 0.9960893
 0.9974015
 0.9983057
 0.9989159
 0.9993193
 0.9995805
 0.9997463
 0.9998494
 0.9999123
 0.9999499
 0.9999719
 0.9999845
 0.9999916
 0.9999956
 0.9999977
 0.9999988
 0.9999994
 0.9999997
 0.9999999
 0.9999999
 1.0000000
 1.0000000
 1.0000000
 1.0000000
 1.0000000
 1.0000000
 1.0000000
 1.0000000
 1.0000000
 1.0000000
 1.0000000
 1.0000000
 1.0000000
 1.0000000
 1.0000000
 1.0000000
 1.0000000
 1.0000000
 1.0000000
 1.0000000
 1.0000000
 1.0000000
 1.0000000
 1.0000000
 1.0000000
 1.0000000
 1.0000000
 1.0000000
 1.0000000
 1.0000000
 1.0000000
 1.0000000
 1.0000000
 1.0000000
 1.0000000
 1.0000000
 1.0000000
 1.0000000
 1.0000000
 1.0000000
 1.0000000
 1.0000000
 1.0000000
 1.0000000
 1.0000000
 1.0000000
 1.0000000
 1.0000000
 1.0000000
 1.0000000
 1.0000000
 1.0000000
 1.0000000
 1.0000000
 1.0000000
 1.0000000
 1.0000000
 1.0000000
 1.0000000
 1.0000000
 0.9999999
 0.9999999
 0.9999997
 0.9999994
 0.9999989
 0.9999979
 0.9999960
 0.9999925
 0.9999864
 0.9999758
 0.9999578
 0.9999275
 0.9998780
 0.9997982
 0.9996726
 0.9994784
 0.9991846
 0.9987470
 0.9981129
 0.9972107
 0.9959537
 0.9942397
 0.9919530
 0.9889695
 0.9851644
 0.9804235
 0.9746567
 0.9678136
 0.9598702
 0.9509524
 0.9411849
 0.9307969
 0.9200911
 0.9094310
 0.8992197
 0.8898753
 0.8818020
 0.8753632
 0.8708565
 0.8684895
 0.8683900
 0.8705514
 0.8748711
 0.8811457
 0.8890849
 0.8983304
 0.9084802
 0.9191168
 0.9298342
 0.9402645
 0.9501304
 0.9591296
 0.9671395
 0.9740809
 0.9799439
 0.9847746
 0.9886601
 0.9917131
 0.9940578
 0.9958188
 0.9971127
 0.9980459
 0.9987004
 0.9991517
 0.9994565
 0.9996582
 0.9997890
 0.9998722
 0.9999240
 0.9999556
 0.9999746
 0.9999857
 0.9999921
 0.9999957
 0.9999977
 0.9999988
 0.9999994
 0.9999997
 0.9999998
 0.9999999
 1.0000000
 1.0000000
 1.0000000
 1.0000000
 1.0000000
 1.0000000
 1.0000000
 1.0000000
 1.0000000
 1.0000000
 1.0000000
 1.0000000
 1.0000000
 1.0000000
 1.0000000
 1.0000000
 1.0000000
 1.0000000
 1.0000000
 1.0000000
