 1308.9767   1.0000   3.817324E-14   3.711659E-14   0.9723
 1309.0066   1.0000   3.791311E-14   3.788175E-14   0.9992
 1309.0365   1.0000   3.765092E-14   3.624293E-14   0.9626
 1309.0664   1.0000   3.738689E-14   3.732776E-14   0.9984
 1309.0963   1.0000   3.712123E-14   3.643065E-14   0.9814
 1309.1262   1.0000   3.685415E-14   3.786020E-14   1.0273
 1309.1561   1.0000   3.658586E-14   3.709321E-14   1.0139
 1309.1860   1.0000   3.631658E-14   4.351573E-14   1.1982
 1309.2159   1.0000   3.604652E-14   3.646274E-14   1.0115
 1309.2458   1.0000   3.577589E-14   3.537907E-14   0.9889
 1309.2758   1.0000   3.550400E-14   3.164040E-14   0.8912
 1309.3057   1.0000   3.523287E-14   4.210397E-14   1.1950
 1309.3356   1.0000   3.496181E-14   3.889922E-14   1.1126
 1309.3655   0.9999   3.469103E-14   3.055894E-14   0.8809
 1309.3954   0.9999   3.442074E-14   3.316475E-14   0.9635
 1309.4253   0.9997   3.415116E-14   3.482758E-14   1.0198
 1309.4552   0.9995   3.388249E-14   3.012130E-14   0.8890
 1309.4851   0.9991   3.361496E-14   3.164650E-14   0.9414
 1309.5150   0.9984   3.334876E-14   3.583934E-14   1.0747
 1309.5449   0.9972   3.308413E-14   4.105529E-14   1.2409
 1309.5748   0.9952   3.282125E-14   3.486457E-14   1.0623
 1309.6048   0.9920   3.255949E-14   3.544092E-14   1.0885
 1309.6347   0.9870   3.230080E-14   3.244077E-14   1.0043
 1309.6646   0.9793   3.204451E-14   3.700909E-14   1.1549
 1309.6945   0.9679   3.179084E-14   3.387010E-14   1.0654
 1309.7244   0.9515   3.154000E-14   3.203063E-14   1.0156
 1309.7543   0.9291   3.129220E-14   3.558029E-14   1.1370
 1309.7842   0.8999   3.104765E-14   2.786088E-14   0.8974
 1309.8141   0.8638   3.080657E-14   2.667203E-14   0.8658
 1309.8440   0.8221   3.056916E-14   2.320882E-14   0.7592
 1309.8739   0.7776   3.033565E-14   2.450966E-14   0.8079
 1309.9038   0.7340   3.010624E-14   2.379653E-14   0.7904
 1309.9338   0.6953   2.988040E-14   2.506439E-14   0.8388
 1309.9637   0.6647   2.965985E-14   2.531551E-14   0.8535
 1309.9936   0.6432   2.944404E-14   2.307850E-14   0.7838
 1310.0235   0.6296   2.923318E-14   1.876994E-14   0.6421
 1310.0534   0.6220   2.902749E-14   1.524870E-14   0.5253
 1310.0833   0.6182   2.882717E-14   1.789375E-14   0.6207
 1310.1132   0.6165   2.863244E-14   1.682772E-14   0.5877
 1310.1431   0.6157   2.844352E-14   1.982796E-14   0.6971
 1310.1730   0.6154   2.826061E-14   1.659224E-14   0.5871
 1310.2029   0.6151   2.808387E-14   1.703805E-14   0.6067
 1310.2328   0.6149   2.791323E-14   1.607530E-14   0.5759
 1310.2628   0.6147   2.774804E-14   1.351064E-14   0.4869
 1310.2927   0.6143   2.758926E-14   1.479270E-14   0.5362
 1310.3226   0.6138   2.743623E-14   1.522929E-14   0.5551
 1310.3525   0.6131   2.728881E-14   1.856249E-14   0.6802
 1310.3824   0.6120   2.714688E-14   1.366220E-14   0.5033
 1310.4123   0.6106   2.701033E-14   1.878612E-14   0.6955
 1310.4422   0.6086   2.687903E-14   1.606040E-14   0.5975
 1310.4721   0.6059   2.675286E-14   1.676505E-14   0.6267
 1310.5020   0.6026   2.663169E-14   1.824236E-14   0.6850
 1310.5319   0.5985   2.651541E-14   1.671713E-14   0.6305
 1310.5618   0.5938   2.640389E-14   1.919271E-14   0.7269
 1310.5918   0.5891   2.629666E-14   2.080574E-14   0.7912
 1310.6217   0.5856   2.619432E-14   1.624570E-14   0.6202
 1310.6516   0.5847   2.609637E-14   1.595325E-14   0.6113
 1310.6815   0.5886   2.600270E-14   1.383287E-14   0.5320
 1310.7114   0.5985   2.591318E-14   1.765886E-14   0.6815
 1310.7413   0.6145   2.582770E-14   1.621153E-14   0.6277
 1310.7712   0.6349   2.574612E-14   1.560817E-14   0.6062
 1310.8011   0.6570   2.566833E-14   1.438610E-14   0.5605
 1310.8310   0.6779   2.559420E-14   1.744481E-14   0.6816
 1310.8609   0.6954   2.552362E-14   1.598328E-14   0.6262
 1310.8908   0.7090   2.545646E-14   1.057231E-14   0.4153
 1310.9208   0.7191   2.539239E-14   1.309910E-14   0.5159
 1310.9507   0.7268   2.533172E-14   1.660990E-14   0.6557
 1310.9806   0.7335   2.527410E-14   1.586915E-14   0.6279
 1311.0105   0.7406   2.521942E-14   1.542606E-14   0.6117
 1311.0404   0.7491   2.516755E-14   1.803735E-14   0.7167
 1311.0703   0.7597   2.511837E-14   1.856192E-14   0.7390
 1311.1002   0.7726   2.507175E-14   2.571212E-14   1.0255
 1311.1301   0.7878   2.502759E-14   2.238543E-14   0.8944
 1311.1600   0.8050   2.498574E-14   2.012510E-14   0.8055
 1311.1899   0.8237   2.494610E-14   1.879438E-14   0.7534
 1311.2198   0.8435   2.490854E-14   2.457776E-14   0.9867
 1311.2498   0.8636   2.487282E-14   2.192543E-14   0.8815
 1311.2797   0.8832   2.483906E-14   2.323452E-14   0.9354
 1311.3096   0.9020   2.480701E-14   2.541555E-14   1.0245
 1311.3395   0.9193   2.477656E-14   2.120603E-14   0.8559
 1311.3694   0.9349   2.474758E-14   2.077929E-14   0.8396
 1311.3993   0.9485   2.471994E-14   2.389381E-14   0.9666
 1311.4292   0.9600   2.469353E-14   2.075576E-14   0.8405
 1311.4591   0.9696   2.466823E-14   2.366763E-14   0.9594
 1311.4890   0.9773   2.464391E-14   2.340930E-14   0.9499
 1311.5189   0.9834   2.462045E-14   2.570943E-14   1.0442
 1311.5488   0.9881   2.459773E-14   2.449545E-14   0.9958
 1311.5788   0.9916   2.457555E-14   2.691933E-14   1.0954
 1311.6087   0.9942   2.455395E-14   2.194088E-14   0.8936
 1311.6386   0.9961   2.453271E-14   2.204162E-14   0.8985
 1311.6685   0.9974   2.451173E-14   2.696599E-14   1.1001
 1311.6984   0.9983   2.449087E-14   2.367809E-14   0.9668
 1311.7283   0.9989   2.447003E-14   2.337032E-14   0.9551
 1311.7582   0.9993   2.444906E-14   2.330261E-14   0.9531
 1311.7881   0.9996   2.442787E-14   2.341560E-14   0.9586
 1311.8180   0.9997   2.440631E-14   2.101243E-14   0.8609
 1311.8479   0.9998   2.438427E-14   2.251901E-14   0.9235
 1311.8778   0.9999   2.436163E-14   2.704216E-14   1.1100
 1311.9078   0.9999   2.433819E-14   3.013818E-14   1.2383
 1311.9377   1.0000   2.431397E-14   2.440820E-14   1.0039
 1311.9676   1.0000   2.428879E-14   2.474951E-14   1.0190
 1311.9975   1.0000   2.426252E-14   2.442941E-14   1.0069
 1312.0274   1.0000   2.423504E-14   2.875471E-14   1.1865
 1312.0573   1.0000   2.420622E-14   2.217942E-14   0.9163
 1312.0872   1.0000   2.417594E-14   2.657105E-14   1.0991
 1312.1171   1.0000   2.414409E-14   2.366780E-14   0.9803
 1312.1470   1.0000   2.411054E-14   2.706172E-14   1.1224
 1312.1769   1.0000   2.407516E-14   2.845936E-14   1.1821
 1312.2068   1.0000   2.403785E-14   2.625138E-14   1.0921
 1312.2368   1.0000   2.399833E-14   2.121033E-14   0.8838
 1312.2667   1.0000   2.395675E-14   2.425455E-14   1.0124
 1312.2966   1.0000   2.391286E-14   2.440352E-14   1.0205
 1312.3265   1.0000   2.386654E-14   2.609566E-14   1.0934
 1312.3564   1.0000   2.381767E-14   2.407907E-14   1.0110
 1312.3863   1.0000   2.376612E-14   2.289452E-14   0.9633
 1312.4162   1.0000   2.371177E-14   2.275728E-14   0.9597
 1312.4461   1.0000   2.365451E-14   2.211949E-14   0.9351
 1312.4760   1.0000   2.359420E-14   2.207736E-14   0.9357
 1312.5059   1.0000   2.353073E-14   1.873040E-14   0.7960
 1312.5358   1.0000   2.346398E-14   2.058387E-14   0.8773
 1312.5658   1.0000   2.339357E-14   2.376811E-14   1.0160
 1312.5957   1.0000   2.331990E-14   1.923599E-14   0.8249
 1312.6256   1.0000   2.324279E-14   2.136289E-14   0.9191
 1312.6555   1.0000   2.316230E-14   2.387649E-14   1.0308
 1312.6854   1.0000   2.307852E-14   2.019659E-14   0.8751
 1312.7153   1.0000   2.299154E-14   2.279361E-14   0.9914
 1312.7452   1.0000   2.290143E-14   2.340292E-14   1.0219
 1312.7751   1.0000   2.280827E-14   2.081246E-14   0.9125
 1312.8050   1.0000   2.271214E-14   2.467470E-14   1.0864
 1312.8349   1.0000   2.261313E-14   2.196377E-14   0.9713
 1312.8648   1.0000   2.251131E-14   2.011714E-14   0.8936
 1312.8948   1.0000   2.240640E-14   2.146451E-14   0.9580
 1312.9247   1.0000   2.229920E-14   2.229385E-14   0.9998
 1312.9546   1.0000   2.218943E-14   2.034612E-14   0.9169
 1312.9845   1.0000   2.207717E-14   1.917683E-14   0.8686
 1313.0144   1.0000   2.196251E-14   2.047500E-14   0.9323
 1313.0443   1.0000   2.184552E-14   2.120259E-14   0.9706
 1313.0742   1.0000   2.172629E-14   1.932823E-14   0.8896
 1313.1041   1.0000   2.160489E-14   2.513172E-14   1.1632
 1313.1340   1.0000   2.148141E-14   2.110751E-14   0.9826
 1313.1639   1.0000   2.135592E-14   2.048014E-14   0.9590
 1313.1938   1.0000   2.122851E-14   1.787088E-14   0.8418
 1313.2238   1.0000   2.109881E-14   2.157562E-14   1.0226
 1313.2537   1.0000   2.096779E-14   2.041511E-14   0.9736
 1313.2836   1.0000   2.083508E-14   2.021926E-14   0.9704
 1313.3135   1.0000   2.070076E-14   2.086664E-14   1.0080
 1313.3434   1.0000   2.056492E-14   1.989075E-14   0.9672
 1313.3733   1.0000   2.042764E-14   2.256306E-14   1.1045
 1313.4032   1.0000   2.028900E-14   2.259203E-14   1.1135
 1313.4331   1.0000   2.014907E-14   2.373840E-14   1.1781
 1313.4630   1.0000   2.000795E-14   2.416334E-14   1.2077
 1313.4929   1.0000   1.986570E-14   2.253073E-14   1.1342
 1313.5228   1.0000   1.972240E-14   2.301020E-14   1.1667
 1313.5528   1.0000   1.957767E-14   1.787823E-14   0.9132
 1313.5827   1.0000   1.943253E-14   1.848520E-14   0.9513
 1313.6126   0.9999   1.928659E-14   2.335053E-14   1.2107
 1313.6425   0.9998   1.913993E-14   2.164895E-14   1.1311
 1313.6724   0.9997   1.899263E-14   2.211053E-14   1.1642
 1313.7023   0.9995   1.884477E-14   1.890178E-14   1.0030
 1313.7322   0.9991   1.869643E-14   1.975829E-14   1.0568
 1313.7621   0.9984   1.854769E-14   1.842296E-14   0.9933
 1313.7920   0.9973   1.839863E-14   1.932397E-14   1.0503
 1313.8219   0.9955   1.824933E-14   1.871595E-14   1.0256
 1313.8518   0.9927   1.809987E-14   1.791688E-14   0.9899
 1313.8818   0.9884   1.794983E-14   1.822545E-14   1.0154
 1313.9117   0.9820   1.780030E-14   1.728626E-14   0.9711
 1313.9416   0.9727   1.765084E-14   1.889098E-14   1.0703
 1313.9715   0.9597   1.750155E-14   1.617854E-14   0.9244
 1314.0014   0.9422   1.735250E-14   1.553745E-14   0.8954
 1314.0313   0.9195   1.720377E-14   1.433605E-14   0.8333
 1314.0612   0.8914   1.705545E-14   1.611177E-14   0.9447
 1314.0911   0.8584   1.690760E-14   1.441419E-14   0.8525
 1314.1210   0.8218   1.676033E-14   1.036652E-14   0.6185
 1314.1509   0.7837   1.661369E-14   1.120338E-14   0.6743
 1314.1808   0.7467   1.646778E-14   1.157916E-14   0.7031
 1314.2108   0.7131   1.632218E-14   9.354542E-15   0.5731
 1314.2407   0.6850   1.617796E-14   9.437006E-15   0.5833
 1314.2706   0.6630   1.603470E-14   8.915510E-15   0.5560
 1314.3005   0.6469   1.589249E-14   9.189767E-15   0.5782
 1314.3304   0.6358   1.575140E-14   6.422128E-15   0.4077
 1314.3603   0.6285   1.561152E-14   1.068883E-14   0.6847
 1314.3902   0.6239   1.547292E-14   9.200867E-15   0.5946
 1314.4201   0.6211   1.533569E-14   8.080160E-15   0.5269
 1314.4500   0.6193   1.519990E-14   8.492120E-15   0.5587
 1314.4799   0.6182   1.506564E-14   9.547229E-15   0.6337
 1314.5098   0.6175   1.493298E-14   7.951871E-15   0.5325
 1314.5398   0.6171   1.480158E-14   8.642050E-15   0.5839
 1314.5697   0.6168   1.467238E-14   9.045381E-15   0.6165
 1314.5996   0.6166   1.454503E-14   8.743794E-15   0.6012
 1314.6295   0.6166   1.441961E-14   1.153288E-14   0.7998
 1314.6594   0.6169   1.429620E-14   1.001121E-14   0.7003
 1314.6893   0.6178   1.417487E-14   1.392412E-14   0.9823
 1314.7192   0.6197   1.405571E-14   7.391139E-15   0.5258
 1314.7491   0.6233   1.393880E-14   6.245203E-15   0.4480
 1314.7790   0.6297   1.382422E-14   9.230734E-15   0.6677
 1314.8089   0.6397   1.371205E-14   8.296985E-15   0.6051
 1314.8388   0.6543   1.360236E-14   9.791842E-15   0.7199
 1314.8688   0.6739   1.349489E-14   7.495434E-15   0.5554
 1314.8987   0.6977   1.339043E-14   8.828206E-15   0.6593
 1314.9286   0.7244   1.328871E-14   1.050481E-14   0.7905
 1314.9585   0.7517   1.318979E-14   1.036812E-14   0.7861
 1314.9884   0.7775   1.309374E-14   9.886576E-15   0.7551
 1315.0183   0.7999   1.300056E-14   1.127524E-14   0.8673
 1315.0482   0.8179   1.291023E-14   1.295709E-14   1.0036
 1315.0781   0.8314   1.282270E-14   1.481213E-14   1.1551
 1315.1080   0.8410   1.273797E-14   1.092929E-14   0.8580
 1315.1379   0.8476   1.265601E-14   8.073384E-15   0.6379
 1315.1678   0.8525   1.257679E-14   1.356333E-14   1.0784
 1315.1978   0.8566   1.250003E-14   1.237602E-14   0.9901
 1315.2277   0.8609   1.242623E-14   1.205510E-14   0.9701
 1315.2576   0.8659   1.235510E-14   1.410769E-14   1.1419
 1315.2875   0.8720   1.228662E-14   1.228896E-14   1.0002
 1315.3174   0.8794   1.222075E-14   9.690378E-15   0.7929
 1315.3473   0.8881   1.215748E-14   1.264650E-14   1.0402
 1315.3772   0.8978   1.209677E-14   1.031181E-14   0.8524
 1315.4071   0.9082   1.203862E-14   9.928554E-15   0.8247
 1315.4370   0.9189   1.198298E-14   8.659458E-15   0.7226
 1315.4669   0.9297   1.192984E-14   1.076670E-14   0.9025
 1315.4968   0.9402   1.187918E-14   8.624962E-15   0.7261
 1315.5268   0.9501   1.183080E-14   1.042318E-14   0.8810
 1315.5567   0.9591   1.178501E-14   9.517634E-15   0.8076
 1315.5866   0.9671   1.174162E-14   1.175251E-14   1.0009
 1315.6165   0.9741   1.170061E-14   1.221015E-14   1.0435
 1315.6464   0.9799   1.166194E-14   9.170388E-15   0.7864
 1315.6763   0.9848   1.162560E-14   1.112206E-14   0.9567
 1315.7062   0.9887   1.159155E-14   9.186256E-15   0.7925
 1315.7361   0.9917   1.155979E-14   1.291022E-14   1.1168
 1315.7660   0.9941   1.153027E-14   1.250491E-14   1.0845
 1315.7959   0.9958   1.150298E-14   1.331815E-14   1.1578
 1315.8258   0.9971   1.147789E-14   1.130821E-14   0.9852
 1315.8558   0.9980   1.145490E-14   1.204657E-14   1.0517
 1315.8857   0.9987   1.143415E-14   1.323245E-14   1.1573
 1315.9156   0.9992   1.141553E-14   1.072492E-14   0.9395
 1315.9455   0.9995   1.139900E-14   1.181354E-14   1.0364
 1315.9754   0.9997   1.138456E-14   1.004952E-14   0.8827
 1316.0053   0.9998   1.137217E-14   7.629942E-15   0.6709
 1316.0352   0.9999   1.136181E-14   1.161641E-14   1.0224
 1316.0651   0.9999   1.135345E-14   1.194130E-14   1.0518
 1316.0950   1.0000   1.134708E-14   1.258876E-14   1.1094
 1316.1249   1.0000   1.134266E-14   9.481104E-15   0.8359
 1316.1548   1.0000   1.134017E-14   8.997625E-15   0.7934
 1316.1848   1.0000   1.133959E-14   1.267771E-14   1.1180
 1316.2147   1.0000   1.134090E-14   1.077325E-14   0.9499
 1316.2446   1.0000   1.134406E-14   1.161919E-14   1.0243
 1316.2745   1.0000   1.134905E-14   1.173300E-14   1.0338
 1316.3044   1.0000   1.135586E-14   1.131577E-14   0.9965
 1316.3343   1.0000   1.136444E-14   1.028154E-14   0.9047
 1316.3642   1.0000   1.137479E-14   1.435841E-14   1.2623
 1316.3941   1.0000   1.138687E-14   1.060009E-14   0.9309
 1316.4240   1.0000   1.140066E-14   9.456083E-15   0.8294
 1316.4539   1.0000   1.141613E-14   1.395735E-14   1.2226
 1316.4838   1.0000   1.143327E-14   1.082134E-14   0.9465
 1316.5138   1.0000   1.145210E-14   1.126626E-14   0.9838
 1316.5437   1.0000   1.147249E-14   1.053478E-14   0.9183
 1316.5736   1.0000   1.149446E-14   1.182515E-14   1.0288
 1316.6035   1.0000   1.151800E-14   1.148535E-14   0.9972
 1316.6334   1.0000   1.154307E-14   1.399934E-14   1.2128
 1316.6633   1.0000   1.156966E-14   1.231136E-14   1.0641
 1316.6932   1.0000   1.159773E-14   1.237336E-14   1.0669
 1316.7231   1.0000   1.162727E-14   1.106745E-14   0.9519
 1316.7530   1.0000   1.165825E-14   1.459398E-14   1.2518
 1316.7829   1.0000   1.169064E-14   1.125076E-14   0.9624
 1316.8128   1.0000   1.172442E-14   8.451972E-15   0.7209
 1316.8428   1.0000   1.175969E-14   1.254518E-14   1.0668
 1316.8727   1.0000   1.179618E-14   9.113149E-15   0.7726
 1316.9026   1.0000   1.183399E-14   1.074323E-14   0.9078
 1316.9325   1.0000   1.187309E-14   1.058277E-14   0.8913
 1316.9624   1.0000   1.191345E-14   9.287852E-15   0.7796
 1316.9923   1.0000   1.195506E-14   6.475870E-15   0.5417
