 1316.9923   1.0000   5.241375E-14   4.864084E-14   0.9280
 1317.0222   1.0000   5.241078E-14   4.912601E-14   0.9373
 1317.0521   1.0000   5.240901E-14   5.465663E-14   1.0429
 1317.0820   1.0000   5.240842E-14   4.992832E-14   0.9527
 1317.1119   1.0000   5.240898E-14   4.583197E-14   0.8745
 1317.1418   1.0000   5.241069E-14   4.578834E-14   0.8736
 1317.1718   1.0000   5.241353E-14   4.797638E-14   0.9153
 1317.2017   1.0000   5.241746E-14   4.725933E-14   0.9016
 1317.2316   1.0000   5.242247E-14   4.950210E-14   0.9443
 1317.2615   1.0000   5.242854E-14   4.186058E-14   0.7984
 1317.2914   1.0000   5.243565E-14   4.658953E-14   0.8885
 1317.3213   1.0000   5.244378E-14   5.133324E-14   0.9788
 1317.3512   1.0000   5.245292E-14   4.632413E-14   0.8832
 1317.3811   1.0000   5.246304E-14   5.364952E-14   1.0226
 1317.4110   1.0000   5.247412E-14   5.394032E-14   1.0279
 1317.4409   1.0000   5.248614E-14   5.353562E-14   1.0200
 1317.4708   1.0000   5.249909E-14   4.727496E-14   0.9005
 1317.5008   1.0000   5.251299E-14   5.195978E-14   0.9895
 1317.5307   1.0000   5.252773E-14   4.970385E-14   0.9462
 1317.5606   1.0000   5.254333E-14   5.807187E-14   1.1052
 1317.5905   1.0000   5.255978E-14   5.282397E-14   1.0050
 1317.6204   1.0000   5.257706E-14   6.092445E-14   1.1588
 1317.6503   1.0000   5.259514E-14   5.707759E-14   1.0852
 1317.6802   1.0000   5.261401E-14   4.941068E-14   0.9391
 1317.7101   1.0000   5.263365E-14   5.385720E-14   1.0232
 1317.7400   1.0000   5.265403E-14   5.297093E-14   1.0060
 1317.7699   1.0000   5.267514E-14   5.802725E-14   1.1016
 1317.7998   1.0000   5.269696E-14   5.895095E-14   1.1187
 1317.8298   1.0000   5.271955E-14   5.638060E-14   1.0694
 1317.8597   1.0000   5.274273E-14   4.432781E-14   0.8405
 1317.8896   1.0000   5.276656E-14   5.154847E-14   0.9769
 1317.9195   1.0000   5.279102E-14   5.557313E-14   1.0527
 1317.9494   1.0000   5.281609E-14   5.369701E-14   1.0167
 1317.9793   1.0000   5.284175E-14   5.164008E-14   0.9773
 1318.0092   1.0000   5.286798E-14   5.647555E-14   1.0682
 1318.0391   1.0000   5.289476E-14   6.054092E-14   1.1446
 1318.0690   1.0000   5.292208E-14   5.438912E-14   1.0277
 1318.0989   1.0000   5.294991E-14   6.198116E-14   1.1706
 1318.1288   1.0000   5.297823E-14   5.497820E-14   1.0378
 1318.1588   1.0000   5.300712E-14   5.405031E-14   1.0197
 1318.1887   1.0000   5.303637E-14   5.213028E-14   0.9829
 1318.2186   1.0000   5.306605E-14   5.576468E-14   1.0509
 1318.2485   1.0000   5.309615E-14   5.465473E-14   1.0294
 1318.2784   1.0000   5.312664E-14   5.256524E-14   0.9894
 1318.3083   1.0000   5.315751E-14   4.986733E-14   0.9381
 1318.3382   0.9999   5.318873E-14   5.381073E-14   1.0117
 1318.3681   0.9998   5.322029E-14   5.431739E-14   1.0206
 1318.3980   0.9992   5.325217E-14   5.704912E-14   1.0713
 1318.4279   0.9974   5.328434E-14   5.769653E-14   1.0828
 1318.4578   0.9919   5.331679E-14   6.129699E-14   1.1497
 1318.4878   0.9774   5.334961E-14   6.292724E-14   1.1795
 1318.5177   0.9427   5.338255E-14   5.661060E-14   1.0605
 1318.5476   0.8701   5.341572E-14   5.273642E-14   0.9873
 1318.5775   0.7417   5.344908E-14   4.535878E-14   0.8486
 1318.6074   0.5618   5.348263E-14   3.179764E-14   0.5945
 1318.6373   0.3771   5.351633E-14   2.573792E-14   0.4809
 1318.6672   0.2487   5.355018E-14   1.236928E-14   0.2310
 1318.6971   0.1918   5.358414E-14   8.199718E-15   0.1530
 1318.7270   0.1756   5.361821E-14   7.023609E-15   0.1310
 1318.7569   0.1724   5.365235E-14   4.875924E-15   0.0909
 1318.7868   0.1719   5.368656E-14   6.353102E-15   0.1183
 1318.8168   0.1718   5.372093E-14   1.123263E-14   0.2091
 1318.8467   0.1718   5.375520E-14   1.319173E-14   0.2454
 1318.8766   0.1718   5.378948E-14   1.432141E-14   0.2662
 1318.9065   0.1720   5.382374E-14   9.645553E-15   0.1792
 1318.9364   0.1729   5.385797E-14   7.781925E-15   0.1445
 1318.9663   0.1781   5.389214E-14   6.628292E-15   0.1230
 1318.9962   0.2025   5.392623E-14   8.508507E-15   0.1578
 1319.0261   0.2781   5.396023E-14   1.566248E-14   0.2903
 1319.0560   0.4274   5.399411E-14   2.328155E-14   0.4312
 1319.0859   0.6176   5.402786E-14   3.646021E-14   0.6748
 1319.1158   0.7853   5.406146E-14   4.061899E-14   0.7513
 1319.1458   0.8967   5.409500E-14   5.374636E-14   0.9936
 1319.1757   0.9560   5.412823E-14   4.909590E-14   0.9070
 1319.2056   0.9831   5.416125E-14   5.049221E-14   0.9323
 1319.2355   0.9941   5.419403E-14   5.182667E-14   0.9563
 1319.2654   0.9981   5.422657E-14   5.525577E-14   1.0190
 1319.2953   0.9994   5.425883E-14   4.728062E-14   0.8714
 1319.3252   0.9999   5.429080E-14   5.004535E-14   0.9218
 1319.3551   1.0000   5.432247E-14   4.642269E-14   0.8546
 1319.3850   1.0000   5.435380E-14   5.225859E-14   0.9615
 1319.4149   1.0000   5.438478E-14   5.335490E-14   0.9811
 1319.4448   1.0000   5.441540E-14   4.830890E-14   0.8878
 1319.4747   1.0000   5.444562E-14   5.068091E-14   0.9309
 1319.5047   1.0000   5.447554E-14   5.733512E-14   1.0525
 1319.5346   1.0000   5.450493E-14   5.812050E-14   1.0663
 1319.5645   1.0000   5.453387E-14   6.025991E-14   1.1050
 1319.5944   1.0000   5.456234E-14   5.566145E-14   1.0201
 1319.6243   1.0000   5.459033E-14   5.543154E-14   1.0154
 1319.6542   1.0000   5.461781E-14   5.477872E-14   1.0029
 1319.6841   1.0000   5.464477E-14   5.690561E-14   1.0414
 1319.7140   1.0000   5.467118E-14   5.395252E-14   0.9869
 1319.7439   1.0000   5.469702E-14   4.524423E-14   0.8272
 1319.7738   1.0000   5.472228E-14   5.575246E-14   1.0188
 1319.8037   1.0000   5.474694E-14   4.974238E-14   0.9086
 1319.8337   1.0000   5.477105E-14   4.951901E-14   0.9041
 1319.8636   1.0000   5.479444E-14   5.403220E-14   0.9861
 1319.8935   1.0000   5.481716E-14   5.233370E-14   0.9547
 1319.9234   1.0000   5.483920E-14   5.491401E-14   1.0014
 1319.9533   1.0000   5.486054E-14   5.316022E-14   0.9690
 1319.9832   1.0000   5.488116E-14   5.883270E-14   1.0720
 1320.0131   1.0000   5.490104E-14   5.493482E-14   1.0006
 1320.0430   1.0000   5.492016E-14   5.483942E-14   0.9985
 1320.0729   1.0000   5.493849E-14   5.201069E-14   0.9467
 1320.1028   1.0000   5.495603E-14   5.178120E-14   0.9422
 1320.1327   1.0000   5.497274E-14   5.670415E-14   1.0315
 1320.1627   1.0000   5.498867E-14   5.430305E-14   0.9875
 1320.1926   1.0000   5.500369E-14   5.297521E-14   0.9631
 1320.2225   1.0000   5.501783E-14   5.821979E-14   1.0582
 1320.2524   1.0000   5.503106E-14   6.556148E-14   1.1914
 1320.2823   1.0000   5.504339E-14   5.849883E-14   1.0628
 1320.3122   1.0000   5.505477E-14   5.450706E-14   0.9901
 1320.3421   1.0000   5.506520E-14   5.224471E-14   0.9488
 1320.3720   1.0000   5.507465E-14   4.755878E-14   0.8635
 1320.4019   1.0000   5.508311E-14   5.147281E-14   0.9345
 1320.4318   1.0000   5.509055E-14   5.367831E-14   0.9744
 1320.4617   1.0000   5.509695E-14   5.380883E-14   0.9766
 1320.4917   1.0000   5.510232E-14   5.290068E-14   0.9600
 1320.5216   1.0000   5.510662E-14   5.466480E-14   0.9920
 1320.5515   1.0000   5.510986E-14   5.855351E-14   1.0625
 1320.5814   1.0000   5.511205E-14   5.113885E-14   0.9279
 1320.6113   1.0000   5.511318E-14   6.418037E-14   1.1645
 1320.6412   1.0000   5.511327E-14   5.702932E-14   1.0348
 1320.6711   1.0000   5.511230E-14   5.169002E-14   0.9379
 1320.7010   1.0000   5.511027E-14   5.116506E-14   0.9284
 1320.7309   1.0000   5.510720E-14   5.509924E-14   0.9999
 1320.7608   1.0000   5.510307E-14   5.173391E-14   0.9389
 1320.7907   1.0000   5.509789E-14   5.517967E-14   1.0015
 1320.8207   1.0000   5.509164E-14   5.253766E-14   0.9536
 1320.8506   1.0000   5.508436E-14   5.193393E-14   0.9428
 1320.8805   1.0000   5.507603E-14   5.484163E-14   0.9957
 1320.9104   1.0000   5.506664E-14   5.287218E-14   0.9601
 1320.9403   1.0000   5.505621E-14   4.877084E-14   0.8858
 1320.9702   1.0000   5.504472E-14   5.141989E-14   0.9341
 1321.0001   1.0000   5.503219E-14   5.440110E-14   0.9885
 1321.0300   1.0000   5.501861E-14   4.650256E-14   0.8452
 1321.0599   1.0000   5.500398E-14   4.658439E-14   0.8469
 1321.0898   1.0000   5.498830E-14   5.689225E-14   1.0346
 1321.1197   1.0000   5.497158E-14   5.270602E-14   0.9588
 1321.1497   1.0000   5.495374E-14   4.727279E-14   0.8602
 1321.1796   1.0000   5.493492E-14   5.696463E-14   1.0369
 1321.2095   1.0000   5.491505E-14   6.122894E-14   1.1150
 1321.2394   1.0000   5.489413E-14   6.241415E-14   1.1370
 1321.2693   1.0000   5.487216E-14   5.420183E-14   0.9878
 1321.2992   1.0000   5.484915E-14   5.464617E-14   0.9963
 1321.3291   1.0000   5.482510E-14   5.481263E-14   0.9998
 1321.3590   1.0000   5.479999E-14   5.728481E-14   1.0453
 1321.3889   1.0000   5.477385E-14   5.632578E-14   1.0283
 1321.4188   1.0000   5.474665E-14   5.533673E-14   1.0108
 1321.4487   1.0000   5.471842E-14   5.762101E-14   1.0530
 1321.4787   1.0000   5.468904E-14   5.431814E-14   0.9932
 1321.5086   1.0000   5.465871E-14   5.446130E-14   0.9964
 1321.5385   1.0000   5.462734E-14   5.011198E-14   0.9173
 1321.5684   1.0000   5.459493E-14   5.267403E-14   0.9648
 1321.5983   1.0000   5.456147E-14   5.273816E-14   0.9666
 1321.6282   1.0000   5.452697E-14   4.918281E-14   0.9020
 1321.6581   1.0000   5.449143E-14   5.393107E-14   0.9897
 1321.6880   1.0000   5.445484E-14   6.162801E-14   1.1317
 1321.7179   1.0000   5.441722E-14   5.197903E-14   0.9552
 1321.7478   1.0000   5.437855E-14   5.232386E-14   0.9622
 1321.7777   1.0000   5.433884E-14   5.760341E-14   1.0601
 1321.8077   1.0000   5.429796E-14   6.495903E-14   1.1963
 1321.8376   1.0000   5.425617E-14   5.896227E-14   1.0867
 1321.8675   1.0000   5.421333E-14   5.328757E-14   0.9829
 1321.8974   1.0000   5.416946E-14   5.207824E-14   0.9614
 1321.9273   1.0000   5.412455E-14   5.518501E-14   1.0196
 1321.9572   1.0000   5.407860E-14   5.700360E-14   1.0541
 1321.9871   1.0000   5.403161E-14   5.429240E-14   1.0048
 1322.0170   1.0000   5.398358E-14   5.204090E-14   0.9640
 1322.0469   1.0000   5.393452E-14   5.807642E-14   1.0768
 1322.0768   1.0000   5.388441E-14   4.925464E-14   0.9141
 1322.1067   1.0000   5.383327E-14   5.347015E-14   0.9933
 1322.1367   1.0000   5.378092E-14   5.447645E-14   1.0129
 1322.1666   1.0000   5.372770E-14   5.270083E-14   0.9809
 1322.1965   1.0000   5.367344E-14   5.038135E-14   0.9387
 1322.2264   1.0000   5.361815E-14   5.764681E-14   1.0751
 1322.2563   1.0000   5.356183E-14   6.807184E-14   1.2709
 1322.2862   1.0000   5.350446E-14   5.866068E-14   1.0964
 1322.3161   1.0000   5.344607E-14   5.322223E-14   0.9958
 1322.3460   1.0000   5.338663E-14   5.441860E-14   1.0193
 1322.3759   1.0000   5.332617E-14   5.563437E-14   1.0433
 1322.4058   1.0000   5.326466E-14   5.709588E-14   1.0719
 1322.4357   1.0000   5.320213E-14   5.354573E-14   1.0065
 1322.4657   1.0000   5.313834E-14   4.791279E-14   0.9017
 1322.4956   1.0000   5.307374E-14   5.190049E-14   0.9779
 1322.5255   1.0000   5.300810E-14   5.570436E-14   1.0509
 1322.5554   1.0000   5.294143E-14   5.580303E-14   1.0541
 1322.5853   1.0000   5.287372E-14   5.375132E-14   1.0166
 1322.6152   0.9998   5.280498E-14   5.380377E-14   1.0189
 1322.6451   0.9994   5.273522E-14   4.905340E-14   0.9302
 1322.6750   0.9982   5.266442E-14   4.461852E-14   0.8472
 1322.7049   0.9946   5.259258E-14   5.061673E-14   0.9624
 1322.7348   0.9853   5.251972E-14   4.986527E-14   0.9495
 1322.7647   0.9633   5.244583E-14   4.522555E-14   0.8623
 1322.7947   0.9171   5.237066E-14   5.112319E-14   0.9762
 1322.8246   0.8327   5.229470E-14   4.897165E-14   0.9365
 1322.8545   0.7031   5.221771E-14   3.346819E-14   0.6409
 1322.8844   0.5426   5.213970E-14   2.893593E-14   0.5550
 1322.9143   0.3890   5.206065E-14   1.519797E-14   0.2919
 1322.9442   0.2783   5.198058E-14   1.147286E-14   0.2207
 1322.9741   0.2177   5.189948E-14   1.162910E-14   0.2241
 1323.0040   0.1912   5.181735E-14   1.317539E-14   0.2543
 1323.0339   0.1811   5.173420E-14   1.341877E-14   0.2594
 1323.0638   0.1778   5.165001E-14   1.851705E-14   0.3585
 1323.0937   0.1775   5.156480E-14   1.964649E-14   0.3810
 1323.1237   0.1799   5.147827E-14   2.206473E-14   0.4286
 1323.1536   0.1877   5.139101E-14   1.529316E-14   0.2976
 1323.1835   0.2087   5.130271E-14   1.200070E-14   0.2339
 1323.2134   0.2589   5.121339E-14   1.128817E-14   0.2204
 1323.2433   0.3565   5.112305E-14   1.892246E-14   0.3701
 1323.2732   0.5019   5.103168E-14   2.399377E-14   0.4702
 1323.3031   0.6648   5.093929E-14   3.355738E-14   0.6588
 1323.3330   0.8045   5.084587E-14   3.998557E-14   0.7864
 1323.3629   0.9001   5.075142E-14   4.155063E-14   0.8187
 1323.3928   0.9545   5.065596E-14   4.214352E-14   0.8320
 1323.4227   0.9813   5.055947E-14   5.121493E-14   1.0130
 1323.4527   0.9930   5.046162E-14   5.068903E-14   1.0045
 1323.4826   0.9976   5.036308E-14   5.642258E-14   1.1203
 1323.5125   0.9992   5.026352E-14   5.099774E-14   1.0146
 1323.5424   0.9998   5.016293E-14   4.864577E-14   0.9698
 1323.5723   0.9999   5.006133E-14   4.890760E-14   0.9770
 1323.6022   1.0000   4.995870E-14   4.829352E-14   0.9667
 1323.6321   1.0000   4.985505E-14   5.448676E-14   1.0929
 1323.6620   1.0000   4.975038E-14   5.120390E-14   1.0292
 1323.6919   1.0000   4.964469E-14   5.205399E-14   1.0485
 1323.7218   1.0000   4.953797E-14   4.518323E-14   0.9121
 1323.7517   1.0000   4.943024E-14   5.476640E-14   1.1080
 1323.7817   1.0000   4.932112E-14   4.869910E-14   0.9874
 1323.8116   1.0000   4.921135E-14   4.731310E-14   0.9614
 1323.8415   1.0000   4.910055E-14   4.954615E-14   1.0091
 1323.8714   1.0000   4.898874E-14   5.222342E-14   1.0660
 1323.9013   1.0000   4.887591E-14   4.531943E-14   0.9272
 1323.9312   1.0000   4.876206E-14   4.623782E-14   0.9482
 1323.9611   1.0000   4.864719E-14   4.851545E-14   0.9973
 1323.9910   1.0000   4.853131E-14   4.808797E-14   0.9909
