 1308.9781   1.0000   3.571834E-14   3.486557E-14   0.9761
 1309.0080   1.0000   3.571676E-14   3.479667E-14   0.9742
 1309.0379   1.0000   3.571705E-14   3.415280E-14   0.9562
 1309.0678   1.0000   3.571931E-14   3.291382E-14   0.9215
 1309.0977   1.0000   3.572363E-14   3.551518E-14   0.9942
 1309.1276   1.0000   3.573012E-14   3.607235E-14   1.0096
 1309.1576   1.0000   3.573887E-14   3.559079E-14   0.9959
 1309.1875   1.0000   3.574978E-14   3.928777E-14   1.0990
 1309.2174   1.0000   3.576277E-14   3.648488E-14   1.0202
 1309.2473   1.0000   3.577777E-14   3.536069E-14   0.9883
 1309.2772   1.0000   3.579468E-14   3.663466E-14   1.0235
 1309.3071   1.0000   3.581341E-14   3.743751E-14   1.0453
 1309.3370   1.0000   3.583387E-14   3.840929E-14   1.0719
 1309.3669   1.0000   3.585599E-14   3.470693E-14   0.9680
 1309.3968   1.0000   3.587966E-14   3.702903E-14   1.0320
 1309.4267   1.0000   3.590480E-14   3.568848E-14   0.9940
 1309.4566   1.0000   3.593133E-14   3.289875E-14   0.9156
 1309.4866   0.9999   3.595924E-14   3.365177E-14   0.9358
 1309.5165   0.9998   3.598828E-14   3.208259E-14   0.8915
 1309.5464   0.9996   3.601842E-14   3.353758E-14   0.9311
 1309.5763   0.9991   3.604960E-14   3.226202E-14   0.8949
 1309.6062   0.9979   3.608172E-14   3.457216E-14   0.9582
 1309.6361   0.9956   3.611469E-14   3.046368E-14   0.8435
 1309.6660   0.9910   3.614843E-14   3.280171E-14   0.9074
 1309.6959   0.9825   3.618284E-14   3.197293E-14   0.8836
 1309.7258   0.9678   3.621784E-14   3.183320E-14   0.8789
 1309.7557   0.9436   3.625334E-14   3.089818E-14   0.8523
 1309.7856   0.9062   3.628925E-14   3.174413E-14   0.8748
 1309.8156   0.8524   3.632561E-14   3.161130E-14   0.8702
 1309.8455   0.7816   3.636208E-14   2.657825E-14   0.7309
 1309.8754   0.6962   3.639870E-14   2.699920E-14   0.7418
 1309.9053   0.6026   3.643538E-14   2.352767E-14   0.6457
 1309.9352   0.5100   3.647202E-14   1.816719E-14   0.4981
 1309.9651   0.4271   3.650855E-14   1.593726E-14   0.4365
 1309.9950   0.3598   3.654488E-14   1.381623E-14   0.3781
 1310.0249   0.3098   3.658091E-14   1.252868E-14   0.3425
 1310.0548   0.2759   3.661655E-14   1.007760E-14   0.2752
 1310.0847   0.2556   3.665173E-14   8.278220E-15   0.2259
 1310.1146   0.2464   3.668634E-14   8.841976E-15   0.2410
 1310.1446   0.2471   3.672042E-14   9.723862E-15   0.2648
 1310.1745   0.2578   3.675366E-14   8.564358E-15   0.2330
 1310.2044   0.2800   3.678606E-14   9.470156E-15   0.2574
 1310.2343   0.3161   3.681756E-14   1.229540E-14   0.3340
 1310.2642   0.3686   3.684805E-14   1.395485E-14   0.3787
 1310.2941   0.4384   3.687745E-14   2.048001E-14   0.5554
 1310.3240   0.5232   3.690568E-14   2.458870E-14   0.6663
 1310.3539   0.6165   3.693265E-14   2.619063E-14   0.7091
 1310.3838   0.7095   3.695825E-14   2.758161E-14   0.7463
 1310.4137   0.7931   3.698242E-14   3.036236E-14   0.8210
 1310.4436   0.8614   3.700509E-14   3.030222E-14   0.8189
 1310.4736   0.9126   3.702643E-14   2.914520E-14   0.7871
 1310.5035   0.9479   3.704641E-14   3.060369E-14   0.8261
 1310.5334   0.9705   3.706522E-14   3.190534E-14   0.8608
 1310.5633   0.9841   3.708300E-14   3.169261E-14   0.8546
 1310.5932   0.9918   3.709986E-14   3.365678E-14   0.9072
 1310.6231   0.9960   3.711593E-14   3.268134E-14   0.8805
 1310.6530   0.9981   3.713133E-14   3.497015E-14   0.9418
 1310.6829   0.9992   3.714618E-14   3.566361E-14   0.9601
 1310.7128   0.9996   3.716060E-14   3.652581E-14   0.9829
 1310.7427   0.9999   3.717473E-14   3.780721E-14   1.0170
 1310.7726   0.9999   3.718867E-14   3.829932E-14   1.0299
 1310.8026   1.0000   3.720260E-14   3.725631E-14   1.0014
 1310.8325   1.0000   3.721656E-14   3.588876E-14   0.9643
 1310.8624   1.0000   3.723070E-14   3.727786E-14   1.0013
 1310.8923   1.0000   3.724516E-14   3.748653E-14   1.0065
 1310.9222   1.0000   3.726005E-14   3.931213E-14   1.0551
 1310.9521   1.0000   3.727550E-14   3.761639E-14   1.0091
 1310.9820   1.0000   3.729162E-14   3.723163E-14   0.9984
 1311.0119   1.0000   3.730856E-14   3.830510E-14   1.0267
 1311.0418   1.0000   3.732641E-14   3.777643E-14   1.0121
 1311.0717   1.0000   3.734532E-14   3.867491E-14   1.0356
 1311.1016   1.0000   3.736540E-14   3.980053E-14   1.0652
 1311.1316   1.0000   3.738684E-14   3.879314E-14   1.0376
 1311.1615   1.0000   3.740963E-14   3.637687E-14   0.9724
 1311.1914   1.0000   3.743397E-14   3.685153E-14   0.9844
 1311.2213   1.0000   3.745996E-14   3.941330E-14   1.0521
 1311.2512   1.0000   3.748774E-14   3.783299E-14   1.0092
 1311.2811   1.0000   3.751743E-14   3.696203E-14   0.9852
 1311.3110   1.0000   3.754915E-14   3.786991E-14   1.0085
 1311.3409   1.0000   3.758302E-14   3.869480E-14   1.0296
 1311.3708   1.0000   3.761917E-14   3.789436E-14   1.0073
 1311.4007   1.0000   3.765772E-14   3.617367E-14   0.9606
 1311.4306   1.0000   3.769879E-14   3.960484E-14   1.0506
 1311.4606   1.0000   3.774266E-14   3.868901E-14   1.0251
 1311.4905   1.0000   3.778915E-14   4.043484E-14   1.0700
 1311.5204   1.0000   3.783853E-14   3.772324E-14   0.9970
 1311.5503   1.0000   3.789093E-14   3.690966E-14   0.9741
 1311.5802   1.0000   3.794646E-14   3.905720E-14   1.0293
 1311.6101   1.0000   3.800525E-14   3.793394E-14   0.9981
 1311.6400   1.0000   3.806742E-14   4.061993E-14   1.0671
 1311.6699   1.0000   3.813310E-14   4.132287E-14   1.0836
 1311.6998   1.0000   3.820240E-14   3.849279E-14   1.0076
 1311.7297   1.0000   3.827540E-14   4.064394E-14   1.0619
 1311.7596   1.0000   3.835192E-14   4.033440E-14   1.0517
 1311.7896   1.0000   3.843201E-14   3.410382E-14   0.8874
 1311.8195   1.0000   3.851493E-14   3.853722E-14   1.0006
 1311.8494   1.0000   3.860069E-14   3.816316E-14   0.9887
 1311.8793   1.0000   3.868909E-14   3.967441E-14   1.0255
 1311.9092   1.0000   3.877989E-14   3.823469E-14   0.9859
 1311.9391   1.0000   3.887287E-14   3.550168E-14   0.9133
 1311.9690   1.0000   3.896781E-14   3.513582E-14   0.9017
 1311.9989   1.0000   3.906448E-14   3.737999E-14   0.9569
 1312.0288   1.0000   3.916266E-14   3.770316E-14   0.9627
 1312.0587   1.0000   3.926213E-14   3.854100E-14   0.9816
 1312.0886   1.0000   3.936266E-14   3.810770E-14   0.9681
 1312.1186   1.0000   3.946437E-14   3.865566E-14   0.9795
 1312.1485   1.0000   3.956635E-14   4.036990E-14   1.0203
 1312.1784   1.0000   3.966873E-14   4.051621E-14   1.0214
 1312.2083   1.0000   3.977126E-14   3.709457E-14   0.9327
 1312.2382   1.0000   3.987374E-14   4.000132E-14   1.0032
 1312.2681   1.0000   3.997594E-14   3.684257E-14   0.9216
 1312.2980   1.0000   4.007763E-14   3.879624E-14   0.9680
 1312.3279   1.0000   4.017859E-14   3.928268E-14   0.9777
 1312.3578   1.0000   4.027859E-14   3.832147E-14   0.9514
 1312.3877   1.0000   4.037742E-14   3.849873E-14   0.9535
 1312.4176   1.0000   4.047484E-14   4.114183E-14   1.0165
 1312.4476   1.0000   4.057095E-14   3.999331E-14   0.9858
 1312.4775   1.0000   4.066489E-14   4.197897E-14   1.0323
 1312.5074   1.0000   4.075675E-14   4.160095E-14   1.0207
 1312.5373   1.0000   4.084632E-14   4.155033E-14   1.0172
 1312.5672   1.0000   4.093336E-14   4.103364E-14   1.0024
 1312.5971   1.0000   4.101766E-14   4.145421E-14   1.0106
 1312.6270   1.0000   4.109898E-14   4.212712E-14   1.0250
 1312.6569   1.0000   4.117711E-14   3.770809E-14   0.9158
 1312.6868   1.0000   4.125182E-14   4.157207E-14   1.0078
 1312.7167   1.0000   4.132288E-14   4.339416E-14   1.0501
 1312.7466   1.0000   4.139008E-14   4.188213E-14   1.0119
 1312.7766   1.0000   4.145340E-14   4.274917E-14   1.0313
 1312.8065   1.0000   4.151218E-14   3.952243E-14   0.9521
 1312.8364   1.0000   4.156641E-14   4.170677E-14   1.0034
 1312.8663   1.0000   4.161589E-14   4.350395E-14   1.0454
 1312.8962   1.0000   4.166038E-14   4.076137E-14   0.9784
 1312.9261   1.0000   4.169966E-14   3.939395E-14   0.9447
 1312.9560   1.0000   4.173350E-14   3.990151E-14   0.9561
 1312.9859   1.0000   4.176168E-14   4.376999E-14   1.0481
 1313.0158   1.0000   4.178406E-14   4.251057E-14   1.0174
 1313.0457   1.0000   4.180079E-14   4.115321E-14   0.9845
 1313.0756   1.0000   4.181214E-14   4.236684E-14   1.0133
 1313.1056   1.0000   4.181834E-14   4.225818E-14   1.0105
 1313.1355   1.0000   4.181960E-14   4.265829E-14   1.0201
 1313.1654   1.0000   4.181619E-14   4.215629E-14   1.0081
 1313.1953   1.0000   4.180837E-14   4.324955E-14   1.0345
 1313.2252   1.0000   4.179636E-14   4.243858E-14   1.0154
 1313.2551   1.0000   4.178041E-14   3.924798E-14   0.9394
 1313.2850   1.0000   4.176077E-14   4.150951E-14   0.9940
 1313.3149   1.0000   4.173768E-14   4.070572E-14   0.9753
 1313.3448   1.0000   4.171139E-14   4.444892E-14   1.0656
 1313.3747   1.0000   4.168212E-14   4.014816E-14   0.9632
 1313.4046   1.0000   4.165014E-14   3.956613E-14   0.9500
 1313.4346   1.0000   4.161555E-14   4.301576E-14   1.0336
 1313.4645   1.0000   4.157885E-14   4.348284E-14   1.0458
 1313.4944   1.0000   4.154015E-14   4.337749E-14   1.0442
 1313.5243   1.0000   4.149970E-14   4.073972E-14   0.9817
 1313.5542   1.0000   4.145774E-14   4.344798E-14   1.0480
 1313.5841   1.0000   4.141452E-14   4.204982E-14   1.0153
 1313.6140   1.0000   4.137029E-14   4.082747E-14   0.9869
 1313.6439   1.0000   4.132527E-14   4.242247E-14   1.0266
 1313.6738   1.0000   4.127972E-14   4.436766E-14   1.0748
 1313.7037   1.0000   4.123389E-14   4.372772E-14   1.0605
 1313.7336   0.9999   4.118800E-14   4.191908E-14   1.0177
 1313.7636   0.9998   4.114215E-14   3.789275E-14   0.9210
 1313.7935   0.9994   4.109690E-14   4.155162E-14   1.0111
 1313.8234   0.9988   4.105233E-14   4.102103E-14   0.9992
 1313.8533   0.9974   4.100869E-14   4.455089E-14   1.0864
 1313.8832   0.9948   4.096622E-14   4.493449E-14   1.0969
 1313.9131   0.9900   4.092515E-14   4.165968E-14   1.0179
 1313.9430   0.9816   4.088574E-14   4.234887E-14   1.0358
 1313.9729   0.9679   4.084823E-14   4.341288E-14   1.0628
 1314.0028   0.9467   4.081286E-14   3.699812E-14   0.9065
 1314.0327   0.9158   4.077987E-14   3.908467E-14   0.9584
 1314.0626   0.8737   4.074951E-14   3.693378E-14   0.9064
 1314.0926   0.8204   4.072193E-14   3.625283E-14   0.8903
 1314.1225   0.7581   4.069756E-14   3.114119E-14   0.7652
 1314.1524   0.6909   4.067655E-14   2.873289E-14   0.7064
 1314.1823   0.6242   4.065913E-14   2.455637E-14   0.6040
 1314.2122   0.5633   4.064556E-14   2.149812E-14   0.5289
 1314.2421   0.5124   4.063608E-14   2.101236E-14   0.5171
 1314.2720   0.4742   4.063092E-14   1.841573E-14   0.4532
 1314.3019   0.4497   4.063028E-14   1.848571E-14   0.4550
 1314.3318   0.4391   4.063411E-14   1.717622E-14   0.4227
 1314.3617   0.4424   4.064231E-14   1.654313E-14   0.4070
 1314.3916   0.4596   4.065477E-14   1.622173E-14   0.3990
 1314.4216   0.4909   4.067147E-14   1.693119E-14   0.4163
 1314.4515   0.5354   4.069218E-14   1.746808E-14   0.4293
 1314.4814   0.5915   4.071685E-14   2.170618E-14   0.5331
 1314.5113   0.6559   4.074538E-14   2.777882E-14   0.6818
 1314.5412   0.7235   4.077768E-14   2.939355E-14   0.7208
 1314.5711   0.7890   4.081363E-14   3.262310E-14   0.7993
 1314.6010   0.8473   4.085315E-14   3.525817E-14   0.8630
 1314.6309   0.8952   4.089612E-14   3.535664E-14   0.8645
 1314.6608   0.9319   4.094244E-14   3.606514E-14   0.8809
 1314.6907   0.9579   4.099202E-14   3.841276E-14   0.9371
 1314.7206   0.9753   4.104475E-14   3.852710E-14   0.9387
 1314.7506   0.9862   4.110073E-14   3.757613E-14   0.9142
 1314.7805   0.9926   4.115947E-14   3.861846E-14   0.9383
 1314.8104   0.9962   4.122106E-14   3.834082E-14   0.9301
 1314.8403   0.9982   4.128540E-14   4.037466E-14   0.9779
 1314.8702   0.9991   4.135239E-14   4.228274E-14   1.0225
 1314.9001   0.9996   4.142192E-14   4.066049E-14   0.9816
 1314.9300   0.9998   4.149390E-14   4.135296E-14   0.9966
 1314.9599   0.9999   4.156821E-14   4.194972E-14   1.0092
 1314.9898   1.0000   4.164477E-14   4.002582E-14   0.9611
 1315.0197   1.0000   4.172347E-14   3.824422E-14   0.9166
 1315.0496   1.0000   4.180420E-14   4.227557E-14   1.0113
 1315.0796   1.0000   4.188715E-14   4.171893E-14   0.9960
 1315.1095   1.0000   4.197167E-14   4.201120E-14   1.0009
 1315.1394   1.0000   4.205792E-14   4.071639E-14   0.9681
 1315.1693   1.0000   4.214580E-14   4.296714E-14   1.0195
 1315.1992   1.0000   4.223521E-14   4.324967E-14   1.0240
 1315.2291   1.0000   4.232605E-14   4.414124E-14   1.0429
 1315.2590   1.0000   4.241822E-14   4.489873E-14   1.0585
 1315.2889   1.0000   4.251162E-14   4.112451E-14   0.9674
 1315.3188   1.0000   4.260615E-14   4.431984E-14   1.0402
 1315.3487   1.0000   4.270170E-14   4.493627E-14   1.0523
 1315.3786   1.0000   4.279817E-14   4.329280E-14   1.0116
 1315.4086   1.0000   4.289580E-14   3.973742E-14   0.9264
 1315.4385   1.0000   4.299382E-14   4.325424E-14   1.0061
 1315.4684   1.0000   4.309246E-14   4.001928E-14   0.9287
 1315.4983   1.0000   4.319162E-14   4.120615E-14   0.9540
 1315.5282   1.0000   4.329119E-14   4.286739E-14   0.9902
 1315.5581   1.0000   4.339108E-14   4.326902E-14   0.9972
 1315.5880   1.0000   4.349118E-14   4.436355E-14   1.0201
 1315.6179   1.0000   4.359140E-14   4.207908E-14   0.9653
 1315.6478   1.0000   4.369161E-14   4.704473E-14   1.0767
 1315.6777   1.0000   4.379172E-14   4.390320E-14   1.0025
 1315.7076   1.0000   4.389162E-14   4.608934E-14   1.0501
 1315.7376   1.0000   4.399153E-14   4.738330E-14   1.0771
 1315.7675   1.0000   4.409069E-14   4.115660E-14   0.9335
 1315.7974   1.0000   4.418931E-14   4.707964E-14   1.0654
 1315.8273   1.0000   4.428731E-14   4.396730E-14   0.9928
 1315.8572   1.0000   4.438455E-14   4.363587E-14   0.9831
 1315.8871   1.0000   4.448095E-14   4.239661E-14   0.9531
 1315.9170   1.0000   4.457640E-14   4.317162E-14   0.9685
 1315.9469   1.0000   4.467078E-14   4.674425E-14   1.0464
 1315.9768   1.0000   4.476400E-14   4.559017E-14   1.0185
 1316.0067   1.0000   4.485594E-14   4.714626E-14   1.0511
 1316.0366   1.0000   4.494650E-14   4.639700E-14   1.0323
 1316.0666   1.0000   4.503588E-14   4.680892E-14   1.0394
 1316.0965   1.0000   4.512335E-14   4.455766E-14   0.9875
 1316.1264   1.0000   4.520913E-14   4.203165E-14   0.9297
 1316.1563   1.0000   4.529311E-14   4.061525E-14   0.8967
 1316.1862   1.0000   4.537517E-14   4.570167E-14   1.0072
 1316.2161   1.0000   4.545522E-14   4.475857E-14   0.9847
 1316.2460   1.0000   4.553314E-14   4.480597E-14   0.9840
 1316.2759   1.0000   4.560883E-14   4.304465E-14   0.9438
 1316.3058   1.0000   4.568218E-14   4.353934E-14   0.9531
 1316.3357   1.0000   4.575310E-14   4.662829E-14   1.0191
 1316.3656   0.9999   4.582146E-14   4.925450E-14   1.0749
 1316.3956   0.9996   4.588738E-14   4.577187E-14   0.9975
 1316.4255   0.9989   4.595032E-14   4.396244E-14   0.9567
 1316.4554   0.9971   4.601038E-14   4.339785E-14   0.9432
 1316.4853   0.9928   4.606748E-14   4.548977E-14   0.9875
 1316.5152   0.9836   4.612149E-14   4.384719E-14   0.9507
 1316.5451   0.9663   4.617232E-14   4.366396E-14   0.9457
 1316.5750   0.9370   4.621985E-14   4.191149E-14   0.9068
 1316.6049   0.8933   4.626398E-14   4.197031E-14   0.9072
 1316.6348   0.8366   4.630461E-14   4.091428E-14   0.8836
 1316.6647   0.7728   4.634163E-14   3.499682E-14   0.7552
 1316.6946   0.7119   4.637492E-14   3.218508E-14   0.6940
 1316.7246   0.6641   4.640449E-14   3.002194E-14   0.6470
 1316.7545   0.6377   4.643002E-14   2.783397E-14   0.5995
 1316.7844   0.6368   4.645151E-14   2.748238E-14   0.5916
 1316.8143   0.6614   4.646886E-14   2.842234E-14   0.6116
 1316.8442   0.7077   4.648196E-14   3.211459E-14   0.6909
 1316.8741   0.7679   4.649074E-14   3.736278E-14   0.8037
 1316.9040   0.8319   4.649532E-14   4.007955E-14   0.8620
 1316.9339   0.8894   4.649586E-14   3.833770E-14   0.8245
 1316.9638   0.9342   4.649250E-14   3.869974E-14   0.8324
 1316.9937   0.9645   4.648540E-14   4.078147E-14   0.8773
 1317.0236   0.9826   4.647471E-14   3.936090E-14   0.8469
 1317.0536   0.9923   4.646054E-14   3.676676E-14   0.7914
 1317.0835   0.9969   4.644314E-14   3.697301E-14   0.7961
 1317.1134   0.9989   4.642261E-14   3.869075E-14   0.8334
 1317.1433   0.9996   4.639911E-14   3.267486E-14   0.7042
 1317.1732   0.9999   4.637280E-14   3.369485E-14   0.7266
 1317.2031   1.0000   4.634383E-14   3.411873E-14   0.7362
 1317.2330   1.0000   4.631235E-14   3.643780E-14   0.7868
 1317.2629   1.0000   4.627852E-14   3.799630E-14   0.8210
 1317.2928   1.0000   4.624249E-14   4.233528E-14   0.9155
 1317.3227   1.0000   4.620442E-14   4.111630E-14   0.8899
 1317.3526   1.0000   4.616446E-14   4.310099E-14   0.9336
 1317.3826   1.0000   4.612262E-14   4.455536E-14   0.9660
 1317.4125   1.0000   4.607933E-14   4.546293E-14   0.9866
 1317.4424   1.0000   4.603462E-14   4.298162E-14   0.9337
 1317.4723   1.0000   4.598864E-14   4.572741E-14   0.9943
 1317.5022   1.0000   4.594153E-14   4.502819E-14   0.9801
 1317.5321   1.0000   4.589346E-14   4.733752E-14   1.0315
 1317.5620   1.0000   4.584459E-14   4.741712E-14   1.0343
 1317.5919   1.0000   4.579505E-14   4.617647E-14   1.0083
 1317.6218   1.0000   4.574501E-14   4.877395E-14   1.0662
 1317.6517   1.0000   4.569463E-14   4.619356E-14   1.0109
 1317.6816   1.0000   4.564405E-14   4.549591E-14   0.9968
 1317.7116   1.0000   4.559326E-14   4.441522E-14   0.9742
 1317.7415   1.0000   4.554276E-14   4.601811E-14   1.0104
 1317.7714   1.0000   4.549252E-14   4.343141E-14   0.9547
 1317.8013   1.0000   4.544271E-14   4.370055E-14   0.9617
 1317.8312   1.0000   4.539348E-14   4.307009E-14   0.9488
 1317.8611   1.0000   4.534498E-14   4.263606E-14   0.9403
 1317.8910   1.0000   4.529736E-14   4.471658E-14   0.9872
 1317.9209   1.0000   4.525078E-14   4.480490E-14   0.9901
 1317.9508   1.0000   4.520540E-14   4.248197E-14   0.9398
 1317.9807   1.0000   4.516136E-14   4.638566E-14   1.0271
 1318.0106   1.0000   4.511883E-14   4.446864E-14   0.9856
 1318.0406   1.0000   4.507781E-14   4.961482E-14   1.1006
 1318.0705   1.0000   4.503875E-14   4.307150E-14   0.9563
 1318.1004   1.0000   4.500166E-14   4.462483E-14   0.9916
 1318.1303   1.0000   4.496668E-14   4.926816E-14   1.0957
 1318.1602   1.0000   4.493394E-14   4.647743E-14   1.0344
 1318.1901   1.0000   4.490338E-14   4.323456E-14   0.9628
 1318.2200   1.0000   4.487494E-14   4.304464E-14   0.9592
 1318.2499   1.0000   4.484854E-14   4.222695E-14   0.9415
 1318.2798   1.0000   4.482408E-14   4.345360E-14   0.9694
 1318.3097   1.0000   4.480149E-14   4.488281E-14   1.0018
 1318.3396   1.0000   4.478069E-14   4.387149E-14   0.9797
 1318.3696   1.0000   4.476153E-14   4.358758E-14   0.9738
 1318.3995   1.0000   4.474407E-14   4.458461E-14   0.9964
 1318.4294   1.0000   4.472816E-14   4.601820E-14   1.0288
 1318.4593   1.0000   4.471371E-14   4.527991E-14   1.0127
 1318.4892   1.0000   4.470065E-14   4.658687E-14   1.0422
 1318.5191   1.0000   4.468889E-14   4.953121E-14   1.1084
 1318.5490   1.0000   4.467836E-14   4.565081E-14   1.0218
 1318.5789   1.0000   4.466896E-14   4.721177E-14   1.0569
 1318.6088   1.0000   4.466064E-14   4.404244E-14   0.9862
 1318.6387   1.0000   4.465329E-14   4.528521E-14   1.0142
 1318.6686   1.0000   4.464684E-14   4.432046E-14   0.9927
 1318.6986   1.0000   4.464120E-14   4.478713E-14   1.0033
 1318.7285   1.0000   4.463632E-14   4.538539E-14   1.0168
 1318.7584   1.0000   4.463209E-14   4.405407E-14   0.9870
 1318.7883   1.0000   4.462845E-14   4.406101E-14   0.9873
 1318.8182   1.0000   4.462530E-14   4.617745E-14   1.0348
 1318.8481   1.0000   4.462256E-14   4.820772E-14   1.0803
 1318.8780   1.0000   4.462017E-14   4.535401E-14   1.0164
 1318.9079   1.0000   4.461803E-14   4.368675E-14   0.9791
 1318.9378   1.0000   4.461606E-14   4.600092E-14   1.0310
 1318.9677   1.0000   4.461419E-14   4.238357E-14   0.9500
 1318.9976   1.0000   4.461233E-14   4.211322E-14   0.9440
 1319.0276   1.0000   4.461040E-14   4.150634E-14   0.9304
 1319.0575   1.0000   4.460832E-14   3.750030E-14   0.8407
 1319.0874   1.0000   4.460602E-14   4.140547E-14   0.9282
 1319.1173   1.0000   4.460341E-14   4.125828E-14   0.9250
 1319.1472   1.0000   4.460041E-14   4.148209E-14   0.9301
 1319.1771   1.0000   4.459693E-14   4.278892E-14   0.9595
 1319.2070   1.0000   4.459291E-14   4.110068E-14   0.9217
 1319.2369   1.0000   4.458825E-14   4.273334E-14   0.9584
 1319.2668   1.0000   4.458288E-14   4.403353E-14   0.9877
 1319.2967   1.0000   4.457672E-14   4.671280E-14   1.0479
 1319.3266   1.0000   4.456968E-14   4.498702E-14   1.0094
 1319.3566   1.0000   4.456166E-14   4.350415E-14   0.9763
 1319.3865   1.0000   4.455262E-14   4.827514E-14   1.0836
 1319.4164   1.0000   4.454248E-14   4.701436E-14   1.0555
 1319.4463   1.0000   4.453112E-14   4.433396E-14   0.9956
 1319.4762   1.0000   4.451847E-14   4.546777E-14   1.0213
 1319.5061   1.0000   4.450440E-14   4.375656E-14   0.9832
 1319.5360   1.0000   4.448881E-14   4.383561E-14   0.9853
 1319.5659   1.0000   4.447160E-14   4.920956E-14   1.1065
 1319.5958   1.0000   4.445265E-14   4.583318E-14   1.0311
 1319.6257   1.0000   4.443185E-14   4.515285E-14   1.0162
 1319.6556   1.0000   4.440911E-14   4.458297E-14   1.0039
 1319.6856   1.0000   4.438422E-14   4.423876E-14   0.9967
 1319.7155   1.0000   4.435725E-14   4.326950E-14   0.9755
 1319.7454   1.0000   4.432800E-14   4.599505E-14   1.0376
 1319.7753   1.0000   4.429637E-14   4.527235E-14   1.0220
 1319.8052   1.0000   4.426225E-14   4.408460E-14   0.9960
 1319.8351   1.0000   4.422554E-14   4.194728E-14   0.9485
 1319.8650   1.0000   4.418612E-14   4.428465E-14   1.0022
 1319.8949   1.0000   4.414389E-14   4.416286E-14   1.0004
 1319.9248   1.0000   4.409874E-14   4.290676E-14   0.9730
 1319.9547   1.0000   4.405056E-14   4.257150E-14   0.9664
 1319.9846   1.0000   4.399925E-14   4.323916E-14   0.9827
 1320.0146   1.0000   4.394451E-14   4.107624E-14   0.9347
 1320.0445   1.0000   4.388660E-14   4.326850E-14   0.9859
 1320.0744   1.0000   4.382523E-14   4.367488E-14   0.9966
 1320.1043   1.0000   4.376029E-14   4.325718E-14   0.9885
 1320.1342   1.0000   4.369168E-14   4.355105E-14   0.9968
 1320.1641   1.0000   4.361930E-14   4.651222E-14   1.0663
 1320.1940   1.0000   4.354302E-14   4.443766E-14   1.0205
 1320.2239   1.0000   4.346275E-14   4.371612E-14   1.0058
 1320.2538   1.0000   4.337837E-14   4.354056E-14   1.0037
 1320.2837   1.0000   4.328978E-14   4.293072E-14   0.9917
 1320.3136   1.0000   4.319688E-14   4.595056E-14   1.0637
 1320.3436   1.0000   4.309922E-14   4.529471E-14   1.0509
 1320.3735   1.0000   4.299734E-14   4.664285E-14   1.0848
 1320.4034   1.0000   4.289082E-14   4.523753E-14   1.0547
 1320.4333   1.0000   4.277955E-14   4.213048E-14   0.9848
 1320.4632   1.0000   4.266342E-14   4.501091E-14   1.0550
 1320.4931   1.0000   4.254233E-14   4.209304E-14   0.9894
 1320.5230   1.0000   4.241617E-14   4.134318E-14   0.9747
 1320.5529   1.0000   4.228482E-14   4.342535E-14   1.0270
 1320.5828   1.0000   4.214820E-14   4.095633E-14   0.9717
 1320.6127   0.9999   4.200617E-14   4.257499E-14   1.0135
 1320.6426   0.9997   4.185865E-14   4.300342E-14   1.0273
 1320.6726   0.9991   4.170499E-14   4.366086E-14   1.0469
 1320.7025   0.9977   4.154612E-14   4.338327E-14   1.0442
 1320.7324   0.9946   4.138155E-14   4.365960E-14   1.0550
 1320.7623   0.9882   4.121183E-14   4.229762E-14   1.0263
 1320.7922   0.9768   4.103763E-14   4.264641E-14   1.0392
 1320.8221   0.9582   4.085962E-14   4.174852E-14   1.0218
 1320.8520   0.9317   4.067848E-14   3.729428E-14   0.9168
 1320.8819   0.8984   4.049488E-14   3.757727E-14   0.9280
 1320.9118   0.8623   4.030950E-14   3.386785E-14   0.8402
 1320.9417   0.8293   4.012300E-14   3.390238E-14   0.8450
 1320.9716   0.8057   3.993606E-14   3.377991E-14   0.8458
 1321.0016   0.7963   3.974874E-14   3.249187E-14   0.8174
 1321.0315   0.8030   3.956294E-14   3.194479E-14   0.8074
 1321.0614   0.8244   3.937873E-14   3.465272E-14   0.8800
 1321.0913   0.8563   3.919677E-14   3.676533E-14   0.9380
 1321.1212   0.8923   3.901775E-14   3.683196E-14   0.9440
 1321.1511   0.9264   3.884232E-14   3.940909E-14   1.0146
 1321.1810   0.9543   3.867117E-14   4.071451E-14   1.0528
 1321.2109   0.9741   3.850496E-14   4.119168E-14   1.0698
 1321.2408   0.9867   3.834438E-14   4.286662E-14   1.1179
 1321.2707   0.9938   3.819010E-14   4.031086E-14   1.0555
 1321.3006   0.9973   3.804278E-14   3.813957E-14   1.0025
 1321.3306   0.9990   3.790264E-14   3.998299E-14   1.0549
 1321.3605   0.9996   3.777131E-14   3.989392E-14   1.0562
 1321.3904   0.9999   3.764897E-14   3.859719E-14   1.0252
 1321.4203   1.0000   3.753628E-14   3.822927E-14   1.0185
 1321.4502   1.0000   3.743394E-14   3.667846E-14   0.9798
 1321.4801   1.0000   3.734260E-14   3.758666E-14   1.0065
 1321.5100   1.0000   3.726295E-14   3.679382E-14   0.9874
 1321.5399   1.0000   3.719565E-14   3.680961E-14   0.9896
 1321.5698   1.0000   3.714138E-14   3.909479E-14   1.0526
 1321.5997   1.0000   3.710082E-14   3.685918E-14   0.9935
 1321.6296   1.0000   3.707463E-14   4.041958E-14   1.0902
 1321.6596   1.0000   3.706348E-14   4.020153E-14   1.0847
 1321.6895   1.0000   3.706811E-14   3.882713E-14   1.0475
 1321.7194   1.0000   3.708915E-14   3.663055E-14   0.9876
 1321.7493   1.0000   3.712725E-14   3.578564E-14   0.9639
 1321.7792   1.0000   3.718310E-14   3.859108E-14   1.0379
 1321.8091   1.0000   3.725736E-14   3.607597E-14   0.9683
 1321.8390   1.0000   3.735072E-14   3.703936E-14   0.9917
 1321.8689   1.0000   3.746384E-14   3.541971E-14   0.9454
 1321.8988   1.0000   3.759740E-14   3.686501E-14   0.9805
 1321.9287   1.0000   3.775206E-14   3.869492E-14   1.0250
 1321.9586   1.0000   3.792851E-14   3.553538E-14   0.9369
 1321.9886   1.0000   3.857282E-14   3.743263E-14   0.9704
