Covering Factor     Optical Depth       Wavelength ($\AngstrSigma               Velocity (km/s)     
0.8323              0.2928              1343.5956           41.0677             -2136.0398          
0.4605              1.9358              1344.3099           39.0116             -1962.5604          
0.5118              5.0000              1344.7464           34.6914             -1856.5912          
0.7226              0.7301              1345.1793           32.3674             -1751.5371          
1.0000              0.3194              1346.7561           23.9302             -1369.2025          
0.8800              1.0552              1348.0348           84.2960             -1059.5135          
0.3066              5.0000              1348.6551           29.2868             -909.3887           
0.2897              4.4351              1348.9734           71.4414             -832.4014           
============
Number of Absorption Component           8
Number of Emission Components:           0
