   8   436
 1.0000000
 1.0000000
 1.0000000
 1.0000000
 1.0000000
 1.0000000
 1.0000000
 1.0000000
 1.0000000
 0.9999999
 0.9999998
 0.9999996
 0.9999991
 0.9999979
 0.9999954
 0.9999900
 0.9999790
 0.9999569
 0.9999141
 0.9998327
 0.9996834
 0.9994168
 0.9989539
 0.9981732
 0.9968943
 0.9948609
 0.9917247
 0.9870361
 0.9802490
 0.9707473
 0.9578516
 0.9410908
 0.9200610
 0.8947067
 0.8653838
 0.8329059
 0.7985123
 0.7637531
 0.7303185
 0.6998528
 0.6738002
 0.6532525
 0.6391748
 0.6320075
 0.6319975
 0.6391452
 0.6532042
 0.6736568
 0.6996785
 0.7301213
 0.7635426
 0.7982989
 0.8328124
 0.8652974
 0.8946304
 0.9199965
 0.9410384
 0.9578107
 0.9706794
 0.9801997
 0.9870015
 0.9917012
 0.9948455
 0.9968898
 0.9981704
 0.9989522
 0.9994158
 0.9996829
 0.9998324
 0.9999137
 0.9999567
 0.9999789
 0.9999900
 0.9999954
 0.9999979
 0.9999991
 0.9999996
 0.9999998
 0.9999999
 1.0000000
 1.0000000
 1.0000000
 1.0000000
 1.0000000
 1.0000000
 1.0000000
 1.0000000
 1.0000000
 1.0000000
 1.0000000
 1.0000000
 1.0000000
 1.0000000
 1.0000000
 1.0000000
 1.0000000
 1.0000000
 1.0000000
 1.0000000
 1.0000000
 1.0000000
 1.0000000
 1.0000000
 1.0000000
 1.0000000
 1.0000000
 1.0000000
 1.0000000
 1.0000000
 1.0000000
 1.0000000
 1.0000000
 1.0000000
 1.0000000
 1.0000000
 1.0000000
 1.0000000
 1.0000000
 1.0000000
 1.0000000
 1.0000000
 1.0000000
 1.0000000
 1.0000000
 1.0000000
 1.0000000
 1.0000000
 1.0000000
 1.0000000
 1.0000000
 1.0000000
 1.0000000
 1.0000000
 1.0000000
 1.0000000
 1.0000000
 1.0000000
 1.0000000
 1.0000000
 1.0000000
 1.0000000
 1.0000000
 1.0000000
 1.0000000
 1.0000000
 1.0000000
 1.0000000
 1.0000000
 1.0000000
 1.0000000
 1.0000000
 1.0000000
 1.0000000
 1.0000000
 0.9999999
 0.9999998
 0.9999995
 0.9999988
 0.9999975
 0.9999945
 0.9999885
 0.9999766
 0.9999535
 0.9999102
 0.9998308
 0.9996898
 0.9994461
 0.9990368
 0.9983688
 0.9973101
 0.9956813
 0.9932502
 0.9897321
 0.9847811
 0.9780842
 0.9693028
 0.9581860
 0.9446175
 0.9286752
 0.9106736
 0.8911781
 0.8709811
 0.8510418
 0.8324000
 0.8160288
 0.8029564
 0.7938617
 0.7892564
 0.7893981
 0.7942790
 0.8036258
 0.8169126
 0.8333892
 0.8521311
 0.8721118
 0.8922938
 0.9117876
 0.9296806
 0.9454887
 0.9589120
 0.9698858
 0.9785358
 0.9851190
 0.9899627
 0.9934118
 0.9957911
 0.9973824
 0.9984177
 0.9990671
 0.9994644
 0.9997006
 0.9998369
 0.9999135
 0.9999553
 0.9999775
 0.9999890
 0.9999947
 0.9999976
 0.9999989
 0.9999995
 0.9999998
 0.9999999
 1.0000000
 1.0000000
 1.0000000
 1.0000000
 1.0000000
 1.0000000
 1.0000000
 1.0000000
 1.0000000
 1.0000000
 1.0000000
 1.0000000
 1.0000000
 1.0000000
 1.0000000
 1.0000000
 1.0000000
 1.0000000
 1.0000000
 1.0000000
 1.0000000
 1.0000000
 1.0000000
 1.0000000
 1.0000000
 1.0000000
 1.0000000
 1.0000000
 1.0000000
 1.0000000
 1.0000000
 1.0000000
 1.0000000
 1.0000000
 1.0000000
 1.0000000
 1.0000000
 1.0000000
 1.0000000
 1.0000000
 1.0000000
 1.0000000
 1.0000000
 1.0000000
 1.0000000
 1.0000000
 1.0000000
 1.0000000
 1.0000000
 1.0000000
 1.0000000
 1.0000000
 1.0000000
 1.0000000
 1.0000000
 1.0000000
 1.0000000
 1.0000000
 1.0000000
 1.0000000
 1.0000000
 1.0000000
 1.0000000
 1.0000000
 1.0000000
 1.0000000
 1.0000000
 1.0000000
 1.0000000
 1.0000000
 1.0000000
 1.0000000
 1.0000000
 1.0000000
 1.0000000
 1.0000000
 1.0000000
 1.0000000
 1.0000000
 1.0000000
 1.0000000
 1.0000000
 1.0000000
 1.0000000
 1.0000000
 1.0000000
 1.0000000
 1.0000000
 1.0000000
 1.0000000
 1.0000000
 1.0000000
 1.0000000
 1.0000000
 1.0000000
 1.0000000
 1.0000000
 1.0000000
 1.0000000
 1.0000000
 1.0000000
 1.0000000
 1.0000000
 1.0000000
 1.0000000
 1.0000000
 1.0000000
 1.0000000
 1.0000000
 1.0000000
 1.0000000
 1.0000000
 1.0000000
 1.0000000
 1.0000000
 1.0000000
 1.0000000
 1.0000000
 1.0000000
 1.0000000
 1.0000000
 1.0000000
 1.0000000
 1.0000000
 1.0000000
 1.0000000
 1.0000000
 1.0000000
 1.0000000
 1.0000000
 1.0000000
 1.0000000
 1.0000000
 1.0000000
 1.0000000
 1.0000000
 1.0000000
 1.0000000
 1.0000000
 1.0000000
 1.0000000
 1.0000000
 1.0000000
 1.0000000
 1.0000000
 1.0000000
 1.0000000
 1.0000000
 1.0000000
 1.0000000
 1.0000000
 1.0000000
 1.0000000
 1.0000000
 1.0000000
 1.0000000
 1.0000000
 1.0000000
 1.0000000
 1.0000000
 1.0000000
 1.0000000
 1.0000000
 1.0000000
 1.0000000
 1.0000000
 1.0000000
 1.0000000
 1.0000000
 1.0000000
 1.0000000
 1.0000000
 1.0000000
 1.0000000
 1.0000000
 1.0000000
 1.0000000
 1.0000000
 1.0000000
 1.0000000
 1.0000000
 1.0000000
 1.0000000
 1.0000000
 1.0000000
 1.0000000
 1.0000000
 1.0000000
 1.0000000
 1.0000000
 1.0000000
 1.0000000
 1.0000000
 1.0000000
 1.0000000
 1.0000000
 1.0000000
 1.0000000
 1.0000000
 1.0000000
 1.0000000
 1.0000000
 1.0000000
 1.0000000
 1.0000000
 1.0000000
 1.0000000
 1.0000000
 1.0000000
 1.0000000
 1.0000000
 1.0000000
 1.0000000
 1.0000000
 1.0000000
 1.0000000
 1.0000000
 1.0000000
 1.0000000
 1.0000000
 1.0000000
 1.0000000
 1.0000000
 1.0000000
 1.0000000
 1.0000000
 1.0000000
 1.0000000
 1.0000000
 1.0000000
 1.0000000
 1.0000000
 1.0000000
 1.0000000
 1.0000000
 1.0000000
 1.0000000
 1.0000000
 1.0000000
 1.0000000
 1.0000000
 1.0000000
 1.0000000
 1.0000000
 1.0000000
 1.0000000
 1.0000000
 0.9999999
 0.9999999
 0.9999996
 0.9999990
 0.9999976
 0.9999942
 0.9999865
 0.9999694
 0.9999324
 0.9998556
 0.9997006
 0.9993972
 0.9988217
 0.9977648
 0.9958864
 0.9926598
 0.9873119
 0.9787805
 0.9657256
 0.9465735
 0.9200787
 0.8854173
 0.8429783
 0.7947259
 0.7441454
 0.6955274
 0.6527838
 0.6183611
 0.5928147
 0.5751639
 0.5636352
 0.5565083
 0.5522954
 0.5500151
 0.5490983
 0.5493101
 0.5507051
 0.5536384
 0.5588274
 0.5674290
 0.5810443
 0.6015950
 0.6304967
 0.6682772
 0.7136598
 0.7635411
 0.8137156
 0.8600773
 0.8996761
 0.9311776
 0.9547017
 0.9713133
 0.9825070
 0.9896736
 0.9940992
 0.9967323
 0.9982450
 0.9990854
 0.9995374
 0.9997729
 0.9998917
 0.9999499
 0.9999775
 0.9999902
 0.9999958
 0.9999983
 0.9999993
 0.9999997
 0.9999999
 1.0000000
 1.0000000
 1.0000000
 1.0000000
 1.0000000
 1.0000000
 1.0000000
 1.0000000
 1.0000000
 1.0000000
 1.0000000
 1.0000000
 1.0000000
 1.0000000
 1.0000000
 1.0000000
 1.0000000
 1.0000000
 1.0000000
 1.0000000
 1.0000000
 1.0000000
 1.0000000
 1.0000000
 1.0000000
 1.0000000
 1.0000000
 1.0000000
 1.0000000
 1.0000000
 1.0000000
 1.0000000
 1.0000000
 1.0000000
 1.0000000
 1.0000000
 1.0000000
 1.0000000
 1.0000000
 1.0000000
 1.0000000
 1.0000000
 1.0000000
 1.0000000
 1.0000000
 1.0000000
 1.0000000
 1.0000000
 1.0000000
 1.0000000
 1.0000000
 1.0000000
 1.0000000
 1.0000000
 1.0000000
 1.0000000
 1.0000000
 1.0000000
 1.0000000
 1.0000000
 1.0000000
 1.0000000
 1.0000000
 1.0000000
 1.0000000
 1.0000000
 1.0000000
 1.0000000
 1.0000000
 1.0000000
 1.0000000
 1.0000000
 1.0000000
 1.0000000
 1.0000000
 1.0000000
 0.9999999
 0.9999998
 0.9999995
 0.9999987
 0.9999970
 0.9999930
 0.9999841
 0.9999652
 0.9999259
 0.9998468
 0.9996924
 0.9994003
 0.9988648
 0.9979141
 0.9962804
 0.9935657
 0.9892099
 0.9824739
 0.9724179
 0.9581265
 0.9386760
 0.9134979
 0.8826323
 0.8469464
 0.8081656
 0.7686382
 0.7308704
 0.6969992
 0.6684156
 0.6456003
 0.6285683
 0.6167084
 0.6094013
 0.6061493
 0.6067004
 0.6110987
 0.6196760
 0.6329823
 0.6516359
 0.6760813
 0.7063944
 0.7415857
 0.7801142
 0.8196859
 0.8577849
 0.8922046
 0.9214586
 0.9449351
 0.9627995
 0.9757449
 0.9847141
 0.9906924
 0.9945003
 0.9968490
 0.9982484
 0.9990550
 0.9995050
 0.9997483
 0.9998757
 0.9999404
 0.9999722
 0.9999874
 0.9999945
 0.9999977
 0.9999990
 0.9999996
 0.9999998
 0.9999999
 1.0000000
 1.0000000
 1.0000000
 1.0000000
 1.0000000
 1.0000000
 1.0000000
 1.0000000
 1.0000000
 1.0000000
 1.0000000
 1.0000000
 1.0000000
 1.0000000
 1.0000000
 1.0000000
 1.0000000
 1.0000000
 1.0000000
 1.0000000
 1.0000000
 1.0000000
 1.0000000
 1.0000000
 1.0000000
 1.0000000
 1.0000000
 1.0000000
 1.0000000
 1.0000000
 1.0000000
 1.0000000
 1.0000000
 1.0000000
 1.0000000
 1.0000000
 1.0000000
 1.0000000
 1.0000000
 1.0000000
 1.0000000
 1.0000000
 1.0000000
 1.0000000
 1.0000000
 1.0000000
 1.0000000
 1.0000000
 1.0000000
 1.0000000
 1.0000000
 1.0000000
 1.0000000
 1.0000000
 1.0000000
 1.0000000
 1.0000000
 1.0000000
 1.0000000
 1.0000000
 1.0000000
 1.0000000
 1.0000000
 1.0000000
 1.0000000
 1.0000000
 1.0000000
 1.0000000
 1.0000000
 1.0000000
 1.0000000
 1.0000000
 1.0000000
 1.0000000
 1.0000000
 1.0000000
 1.0000000
 1.0000000
 1.0000000
 1.0000000
 1.0000000
 1.0000000
 1.0000000
 1.0000000
 1.0000000
 1.0000000
 1.0000000
 1.0000000
 1.0000000
 1.0000000
 1.0000000
 1.0000000
 1.0000000
 1.0000000
 1.0000000
 1.0000000
 1.0000000
 1.0000000
 1.0000000
 1.0000000
 1.0000000
 1.0000000
 1.0000000
 1.0000000
 1.0000000
 1.0000000
 1.0000000
 1.0000000
 1.0000000
 1.0000000
 1.0000000
 1.0000000
 1.0000000
 1.0000000
 1.0000000
 1.0000000
 1.0000000
 1.0000000
 1.0000000
 1.0000000
 1.0000000
 1.0000000
 1.0000000
 1.0000000
 1.0000000
 1.0000000
 1.0000000
 1.0000000
 1.0000000
 1.0000000
 1.0000000
 1.0000000
 1.0000000
 1.0000000
 1.0000000
 1.0000000
 1.0000000
 1.0000000
 1.0000000
 1.0000000
 1.0000000
 1.0000000
 1.0000000
 1.0000000
 1.0000000
 1.0000000
 1.0000000
 1.0000000
 1.0000000
 1.0000000
 1.0000000
 1.0000000
 1.0000000
 1.0000000
 1.0000000
 1.0000000
 1.0000000
 1.0000000
 1.0000000
 1.0000000
 1.0000000
 1.0000000
 1.0000000
 1.0000000
 1.0000000
 1.0000000
 1.0000000
 1.0000000
 1.0000000
 1.0000000
 1.0000000
 1.0000000
 1.0000000
 1.0000000
 1.0000000
 1.0000000
 1.0000000
 1.0000000
 1.0000000
 1.0000000
 1.0000000
 1.0000000
 1.0000000
 1.0000000
 1.0000000
 1.0000000
 1.0000000
 1.0000000
 1.0000000
 1.0000000
 1.0000000
 1.0000000
 1.0000000
 1.0000000
 1.0000000
 1.0000000
 1.0000000
 1.0000000
 1.0000000
 1.0000000
 1.0000000
 1.0000000
 1.0000000
 1.0000000
 1.0000000
 1.0000000
 1.0000000
 1.0000000
 1.0000000
 1.0000000
 1.0000000
 1.0000000
 1.0000000
 1.0000000
 1.0000000
 1.0000000
 1.0000000
 1.0000000
 1.0000000
 1.0000000
 1.0000000
 1.0000000
 1.0000000
 1.0000000
 1.0000000
 1.0000000
 1.0000000
 1.0000000
 1.0000000
 1.0000000
 1.0000000
 1.0000000
 1.0000000
 1.0000000
 1.0000000
 1.0000000
 1.0000000
 1.0000000
 1.0000000
 1.0000000
 1.0000000
 0.9999999
 0.9999997
 0.9999990
 0.9999972
 0.9999923
 0.9999795
 0.9999474
 0.9998700
 0.9996903
 0.9992894
 0.9984296
 0.9966589
 0.9931469
 0.9865312
 0.9746328
 0.9543786
 0.9220557
 0.8743461
 0.8103767
 0.7341871
 0.6556115
 0.5872525
 0.5382162
 0.5095601
 0.4960573
 0.4907697
 0.4889876
 0.4884392
 0.4882740
 0.4882222
 0.4882056
 0.4882023
 0.4882085
 0.4882316
 0.4883036
 0.4885367
 0.4893111
 0.4917796
 0.4988310
 0.5159330
 0.5499977
 0.6050312
 0.6775059
 0.7566674
 0.8301407
 0.8898043
 0.9328321
 0.9612876
 0.9787687
 0.9888682
 0.9944024
 0.9972951
 0.9987424
 0.9994370
 0.9997573
 0.9998992
 0.9999598
 0.9999845
 0.9999942
 0.9999979
 0.9999993
 0.9999998
 0.9999999
 1.0000000
 1.0000000
 1.0000000
 1.0000000
 1.0000000
 1.0000000
 1.0000000
 1.0000000
 1.0000000
 1.0000000
 1.0000000
 1.0000000
 1.0000000
 1.0000000
 1.0000000
 1.0000000
 1.0000000
 1.0000000
 1.0000000
 1.0000000
 1.0000000
 1.0000000
 1.0000000
 1.0000000
 1.0000000
 1.0000000
 1.0000000
 1.0000000
 1.0000000
 1.0000000
 1.0000000
 1.0000000
 1.0000000
 1.0000000
 1.0000000
 1.0000000
 1.0000000
 1.0000000
 1.0000000
 1.0000000
 1.0000000
 1.0000000
 1.0000000
 1.0000000
 1.0000000
 1.0000000
 1.0000000
 1.0000000
 1.0000000
 1.0000000
 1.0000000
 1.0000000
 1.0000000
 1.0000000
 1.0000000
 1.0000000
 1.0000000
 1.0000000
 1.0000000
 1.0000000
 1.0000000
 1.0000000
 1.0000000
 1.0000000
 1.0000000
 1.0000000
 1.0000000
 1.0000000
 1.0000000
 1.0000000
 1.0000000
 1.0000000
 1.0000000
 1.0000000
 1.0000000
 1.0000000
 1.0000000
 1.0000000
 1.0000000
 1.0000000
 1.0000000
 0.9999999
 0.9999998
 0.9999995
 0.9999986
 0.9999962
 0.9999898
 0.9999740
 0.9999359
 0.9998476
 0.9996509
 0.9992293
 0.9983613
 0.9966368
 0.9933743
 0.9874534
 0.9772039
 0.9603624
 0.9342746
 0.8965274
 0.8460912
 0.7846754
 0.7174507
 0.6521182
 0.5960534
 0.5540718
 0.5261513
 0.5094453
 0.5002303
 0.4954214
 0.4930187
 0.4919245
 0.4916284
 0.4919932
 0.4931880
 0.4957821
 0.5009364
 0.5107665
 0.5284603
 0.5577397
 0.6012367
 0.6583511
 0.7242419
 0.7912064
 0.8516980
 0.9008843
 0.9374840
 0.9624901
 0.9785288
 0.9882343
 0.9938125
 0.9968719
 0.9984781
 0.9992869
 0.9996782
 0.9998600
 0.9999413
 0.9999764
 0.9999908
 0.9999966
 0.9999988
 0.9999996
 0.9999999
 1.0000000
 1.0000000
 1.0000000
 1.0000000
 1.0000000
 1.0000000
 1.0000000
 1.0000000
 1.0000000
 1.0000000
 1.0000000
 1.0000000
 1.0000000
 1.0000000
 1.0000000
 1.0000000
 1.0000000
 1.0000000
 1.0000000
 1.0000000
 1.0000000
 1.0000000
 1.0000000
 1.0000000
 1.0000000
 1.0000000
 1.0000000
 1.0000000
 1.0000000
 1.0000000
 1.0000000
 1.0000000
 1.0000000
 1.0000000
 1.0000000
 1.0000000
 1.0000000
 1.0000000
 1.0000000
 1.0000000
 1.0000000
 1.0000000
 1.0000000
 1.0000000
 1.0000000
 1.0000000
 1.0000000
 1.0000000
 1.0000000
 1.0000000
 1.0000000
 1.0000000
 1.0000000
 1.0000000
 1.0000000
 1.0000000
 1.0000000
 1.0000000
 1.0000000
 1.0000000
 1.0000000
 1.0000000
 1.0000000
 1.0000000
 1.0000000
 1.0000000
 1.0000000
 1.0000000
 1.0000000
 1.0000000
 1.0000000
 1.0000000
 1.0000000
 1.0000000
 1.0000000
 1.0000000
 1.0000000
 1.0000000
 1.0000000
 1.0000000
 1.0000000
 1.0000000
 1.0000000
 1.0000000
 1.0000000
 1.0000000
 1.0000000
 1.0000000
 1.0000000
 1.0000000
 1.0000000
 1.0000000
 1.0000000
 1.0000000
 1.0000000
 1.0000000
 1.0000000
 1.0000000
 1.0000000
 1.0000000
 1.0000000
 1.0000000
 1.0000000
 1.0000000
 1.0000000
 1.0000000
 1.0000000
 1.0000000
 1.0000000
 1.0000000
 1.0000000
 1.0000000
 1.0000000
 1.0000000
 1.0000000
 1.0000000
 1.0000000
 1.0000000
 1.0000000
 1.0000000
 1.0000000
 1.0000000
 1.0000000
 1.0000000
 1.0000000
 1.0000000
 1.0000000
 1.0000000
 1.0000000
 1.0000000
 1.0000000
 1.0000000
 1.0000000
 1.0000000
 1.0000000
 1.0000000
 1.0000000
 1.0000000
 1.0000000
 1.0000000
 1.0000000
 1.0000000
 1.0000000
 1.0000000
 1.0000000
 1.0000000
 1.0000000
 1.0000000
 1.0000000
 1.0000000
 1.0000000
 1.0000000
 1.0000000
 1.0000000
 1.0000000
 1.0000000
 1.0000000
 1.0000000
 1.0000000
 1.0000000
 1.0000000
 1.0000000
 1.0000000
 1.0000000
 1.0000000
 1.0000000
 1.0000000
 1.0000000
 1.0000000
 1.0000000
 1.0000000
 1.0000000
 1.0000000
 1.0000000
 1.0000000
 1.0000000
 1.0000000
 1.0000000
 1.0000000
 1.0000000
 1.0000000
 1.0000000
 1.0000000
 1.0000000
 1.0000000
 1.0000000
 1.0000000
 1.0000000
 1.0000000
 1.0000000
 1.0000000
 1.0000000
 1.0000000
 1.0000000
 1.0000000
 1.0000000
 1.0000000
 1.0000000
 1.0000000
 1.0000000
 1.0000000
 1.0000000
 1.0000000
 1.0000000
 1.0000000
 1.0000000
 1.0000000
 1.0000000
 1.0000000
 1.0000000
 1.0000000
 1.0000000
 1.0000000
 1.0000000
 1.0000000
 1.0000000
 1.0000000
 1.0000000
 1.0000000
 1.0000000
 1.0000000
 1.0000000
 1.0000000
 1.0000000
 1.0000000
 1.0000000
 1.0000000
 1.0000000
 1.0000000
 1.0000000
 1.0000000
 1.0000000
 1.0000000
 1.0000000
 1.0000000
 1.0000000
 1.0000000
 1.0000000
 1.0000000
 1.0000000
 1.0000000
 1.0000000
 1.0000000
 1.0000000
 1.0000000
 1.0000000
 1.0000000
 1.0000000
 0.9999999
 0.9999996
 0.9999987
 0.9999964
 0.9999901
 0.9999736
 0.9999332
 0.9998379
 0.9996230
 0.9991599
 0.9982069
 0.9963349
 0.9928296
 0.9865834
 0.9760188
 0.9591173
 0.9335542
 0.8975964
 0.8503839
 0.7930165
 0.7288217
 0.6628631
 0.6006771
 0.5468312
 0.5040432
 0.4731883
 0.4539547
 0.4456556
 0.4479264
 0.4608444
 0.4849957
 0.5209934
 0.5687409
 0.6266238
 0.6910777
 0.7569636
 0.8187640
 0.8720436
 0.9145488
 0.9457904
 0.9673037
 0.9812114
 0.9896950
 0.9945978
 0.9972905
 0.9986989
 0.9994016
 0.9997364
 0.9998887
 0.9999551
 0.9999826
 0.9999935
 0.9999977
 0.9999992
 0.9999997
 0.9999999
 1.0000000
 1.0000000
 1.0000000
 1.0000000
 1.0000000
 1.0000000
 1.0000000
 1.0000000
 1.0000000
 1.0000000
 1.0000000
 1.0000000
 1.0000000
 1.0000000
 1.0000000
 1.0000000
 1.0000000
 1.0000000
 1.0000000
 1.0000000
 1.0000000
 1.0000000
 1.0000000
 1.0000000
 1.0000000
 1.0000000
 1.0000000
 1.0000000
 1.0000000
 1.0000000
 1.0000000
 1.0000000
 1.0000000
 1.0000000
 1.0000000
 1.0000000
 1.0000000
 1.0000000
 1.0000000
 1.0000000
 1.0000000
 1.0000000
 1.0000000
 1.0000000
 1.0000000
 1.0000000
 1.0000000
 1.0000000
 1.0000000
 1.0000000
 1.0000000
 1.0000000
 1.0000000
 1.0000000
 1.0000000
 1.0000000
 1.0000000
 1.0000000
 1.0000000
 1.0000000
 1.0000000
 1.0000000
 1.0000000
 1.0000000
 1.0000000
 1.0000000
 1.0000000
 1.0000000
 1.0000000
 1.0000000
 1.0000000
 1.0000000
 1.0000000
 1.0000000
 1.0000000
 1.0000000
 1.0000000
 1.0000000
 1.0000000
 1.0000000
 1.0000000
 1.0000000
 1.0000000
 1.0000000
 1.0000000
 1.0000000
 1.0000000
 1.0000000
 0.9999999
 0.9999998
 0.9999994
 0.9999983
 0.9999953
 0.9999876
 0.9999687
 0.9999239
 0.9998230
 0.9996052
 0.9991562
 0.9982717
 0.9966091
 0.9936289
 0.9885433
 0.9802975
 0.9675765
 0.9491660
 0.9240203
 0.8918191
 0.8532992
 0.8103979
 0.7660422
 0.7236184
 0.6863328
 0.6567275
 0.6365007
 0.6265799
 0.6274179
 0.6389335
 0.6606675
 0.6915743
 0.7298277
 0.7727644
 0.8171132
 0.8595159
 0.8971684
 0.9283122
 0.9524574
 0.9698980
 0.9818075
 0.9894937
 0.9941966
 0.9969317
 0.9984464
 0.9992464
 0.9996497
 0.9998439
 0.9999334
 0.9999728
 0.9999893
 0.9999960
 0.9999986
 0.9999995
 0.9999998
 0.9999999
 1.0000000
 1.0000000
 1.0000000
 1.0000000
 1.0000000
 1.0000000
 1.0000000
 1.0000000
 1.0000000
 1.0000000
 1.0000000
 1.0000000
 1.0000000
 1.0000000
 1.0000000
 1.0000000
 1.0000000
 1.0000000
 1.0000000
 1.0000000
 1.0000000
 1.0000000
 1.0000000
 1.0000000
 1.0000000
 1.0000000
 1.0000000
 1.0000000
 1.0000000
 1.0000000
 1.0000000
 1.0000000
 1.0000000
 1.0000000
 1.0000000
 1.0000000
 1.0000000
 1.0000000
 1.0000000
 1.0000000
 1.0000000
 1.0000000
 1.0000000
 1.0000000
 1.0000000
 1.0000000
 1.0000000
 1.0000000
 1.0000000
 1.0000000
 1.0000000
 1.0000000
 1.0000000
 1.0000000
 1.0000000
 1.0000000
 1.0000000
 1.0000000
 1.0000000
 1.0000000
 1.0000000
 1.0000000
 1.0000000
 1.0000000
 1.0000000
 1.0000000
 1.0000000
 1.0000000
 1.0000000
 1.0000000
 1.0000000
 1.0000000
 1.0000000
 1.0000000
 1.0000000
 1.0000000
 1.0000000
 1.0000000
 1.0000000
 1.0000000
 1.0000000
 1.0000000
 1.0000000
 1.0000000
 1.0000000
 1.0000000
 1.0000000
 1.0000000
 1.0000000
 1.0000000
 1.0000000
 1.0000000
 1.0000000
 1.0000000
 1.0000000
 1.0000000
 1.0000000
 1.0000000
 1.0000000
 1.0000000
 1.0000000
 1.0000000
 1.0000000
 1.0000000
 1.0000000
 1.0000000
 1.0000000
 1.0000000
 1.0000000
 1.0000000
 1.0000000
 1.0000000
 1.0000000
 1.0000000
 1.0000000
 1.0000000
 1.0000000
 1.0000000
 1.0000000
 1.0000000
 1.0000000
 1.0000000
 1.0000000
 1.0000000
 1.0000000
 1.0000000
 1.0000000
 1.0000000
 1.0000000
 1.0000000
 1.0000000
 1.0000000
 1.0000000
 1.0000000
 1.0000000
 1.0000000
 1.0000000
 1.0000000
 1.0000000
 1.0000000
 1.0000000
 1.0000000
 1.0000000
 1.0000000
 1.0000000
 1.0000000
 1.0000000
 1.0000000
 1.0000000
 1.0000000
 1.0000000
 1.0000000
 1.0000000
 1.0000000
 1.0000000
 1.0000000
 1.0000000
 1.0000000
 1.0000000
 1.0000000
 1.0000000
 1.0000000
 1.0000000
 1.0000000
 1.0000000
 1.0000000
 1.0000000
 1.0000000
 1.0000000
 1.0000000
 1.0000000
 1.0000000
 1.0000000
 1.0000000
 1.0000000
 1.0000000
 1.0000000
 1.0000000
 1.0000000
 1.0000000
 1.0000000
 1.0000000
 1.0000000
 1.0000000
 1.0000000
 1.0000000
 1.0000000
 1.0000000
 1.0000000
 1.0000000
 1.0000000
 1.0000000
 1.0000000
 1.0000000
 1.0000000
 1.0000000
 1.0000000
 1.0000000
 1.0000000
 1.0000000
 1.0000000
 1.0000000
 1.0000000
 1.0000000
 1.0000000
 1.0000000
 1.0000000
 1.0000000
 1.0000000
 1.0000000
 1.0000000
 1.0000000
 1.0000000
 1.0000000
 1.0000000
 1.0000000
 1.0000000
 1.0000000
 1.0000000
 1.0000000
 1.0000000
 1.0000000
 1.0000000
 1.0000000
 1.0000000
 1.0000000
 1.0000000
 1.0000000
 1.0000000
 1.0000000
 1.0000000
 1.0000000
 1.0000000
 1.0000000
 1.0000000
 1.0000000
 1.0000000
 1.0000000
 1.0000000
 1.0000000
 1.0000000
 1.0000000
 1.0000000
 1.0000000
 1.0000000
 1.0000000
 1.0000000
 1.0000000
 1.0000000
 1.0000000
 1.0000000
 1.0000000
 1.0000000
 1.0000000
 1.0000000
 1.0000000
 1.0000000
 1.0000000
 1.0000000
 1.0000000
 1.0000000
 1.0000000
 1.0000000
 1.0000000
 1.0000000
 1.0000000
 1.0000000
 1.0000000
 1.0000000
 1.0000000
 1.0000000
 1.0000000
 1.0000000
 1.0000000
 1.0000000
 1.0000000
 1.0000000
 1.0000000
 1.0000000
 1.0000000
 1.0000000
 1.0000000
 1.0000000
 1.0000000
 1.0000000
 1.0000000
 1.0000000
 1.0000000
 1.0000000
 1.0000000
 1.0000000
 1.0000000
 1.0000000
 1.0000000
 1.0000000
 1.0000000
 0.9999999
 0.9999994
 0.9999973
 0.9999897
 0.9999634
 0.9998792
 0.9996312
 0.9989583
 0.9972796
 0.9934350
 0.9853747
 0.9699047
 0.9431968
 0.9016440
 0.8440253
 0.7734247
 0.6975908
 0.6269064
 0.5711322
 0.5370977
 0.5283004
 0.5455401
 0.5873834
 0.6489979
 0.7225539
 0.7977447
 0.8647119
 0.9171338
 0.9534953
 0.9760393
 0.9886389
 0.9950324
 0.9979941
 0.9992539
 0.9997426
 0.9999178
 0.9999757
 0.9999934
 0.9999983
 0.9999996
 0.9999999
 1.0000000
 1.0000000
 1.0000000
 1.0000000
 1.0000000
 1.0000000
 1.0000000
 1.0000000
 1.0000000
 1.0000000
 1.0000000
 1.0000000
 1.0000000
 1.0000000
 1.0000000
 1.0000000
 1.0000000
 1.0000000
 1.0000000
 1.0000000
 1.0000000
 1.0000000
 1.0000000
 1.0000000
 1.0000000
 1.0000000
 1.0000000
 1.0000000
 1.0000000
 1.0000000
 1.0000000
 1.0000000
 1.0000000
 1.0000000
 1.0000000
 1.0000000
 1.0000000
 1.0000000
 1.0000000
 1.0000000
 1.0000000
 1.0000000
 1.0000000
 1.0000000
 1.0000000
 1.0000000
 1.0000000
 1.0000000
 1.0000000
 1.0000000
 1.0000000
 1.0000000
 1.0000000
 1.0000000
 1.0000000
 1.0000000
 1.0000000
 1.0000000
 1.0000000
 1.0000000
 1.0000000
 1.0000000
 1.0000000
 1.0000000
 1.0000000
 1.0000000
 1.0000000
 1.0000000
 1.0000000
 1.0000000
 1.0000000
 1.0000000
 1.0000000
 1.0000000
 1.0000000
 1.0000000
 1.0000000
 1.0000000
 1.0000000
 1.0000000
 1.0000000
 1.0000000
 1.0000000
 1.0000000
 1.0000000
 1.0000000
 1.0000000
 1.0000000
 1.0000000
 1.0000000
 1.0000000
 1.0000000
 1.0000000
 1.0000000
 1.0000000
 1.0000000
 1.0000000
 1.0000000
 1.0000000
 1.0000000
 1.0000000
 1.0000000
 1.0000000
 1.0000000
 0.9999998
 0.9999991
 0.9999963
 0.9999867
 0.9999554
 0.9998614
 0.9996016
 0.9989404
 0.9973930
 0.9940688
 0.9875011
 0.9757501
 0.9566222
 0.9285346
 0.8915928
 0.8484421
 0.8042191
 0.7654084
 0.7381438
 0.7267738
 0.7330915
 0.7562045
 0.7922847
 0.8356398
 0.8797097
 0.9188159
 0.9495455
 0.9711253
 0.9847697
 0.9925869
 0.9966667
 0.9986143
 0.9994689
 0.9998110
 0.9999378
 0.9999810
 0.9999947
 0.9999986
 0.9999997
 0.9999999
 1.0000000
 1.0000000
 1.0000000
 1.0000000
 1.0000000
 1.0000000
 1.0000000
 1.0000000
 1.0000000
 1.0000000
 1.0000000
 1.0000000
 1.0000000
 1.0000000
 1.0000000
 1.0000000
 1.0000000
 1.0000000
 1.0000000
 1.0000000
 1.0000000
 1.0000000
 1.0000000
 1.0000000
 1.0000000
 1.0000000
 1.0000000
 1.0000000
 1.0000000
 1.0000000
 1.0000000
 1.0000000
 1.0000000
 1.0000000
 1.0000000
 1.0000000
 1.0000000
 1.0000000
 1.0000000
 1.0000000
 1.0000000
 1.0000000
 1.0000000
 1.0000000
 1.0000000
 1.0000000
 1.0000000
 1.0000000
 1.0000000
 1.0000000
 1.0000000
 1.0000000
 1.0000000
 1.0000000
 1.0000000
 1.0000000
 1.0000000
 1.0000000
 1.0000000
 1.0000000
 1.0000000
 1.0000000
 1.0000000
 1.0000000
 1.0000000
 1.0000000
 1.0000000
 1.0000000
 1.0000000
 1.0000000
 1.0000000
 1.0000000
 1.0000000
 1.0000000
 1.0000000
 1.0000000
 1.0000000
 1.0000000
 1.0000000
 1.0000000
 1.0000000
 1.0000000
 1.0000000
 1.0000000
 1.0000000
 1.0000000
 1.0000000
 1.0000000
 1.0000000
 1.0000000
 1.0000000
 1.0000000
 1.0000000
 1.0000000
 1.0000000
 1.0000000
 1.0000000
 1.0000000
 1.0000000
 1.0000000
 1.0000000
 1.0000000
 1.0000000
 1.0000000
 1.0000000
 1.0000000
 1.0000000
 1.0000000
 1.0000000
 1.0000000
 1.0000000
 1.0000000
 1.0000000
 1.0000000
 1.0000000
 1.0000000
 1.0000000
 1.0000000
 1.0000000
 1.0000000
 1.0000000
 1.0000000
 1.0000000
 1.0000000
 1.0000000
 1.0000000
 1.0000000
 1.0000000
 1.0000000
 1.0000000
 1.0000000
 1.0000000
 1.0000000
 1.0000000
 1.0000000
 1.0000000
 1.0000000
 1.0000000
 1.0000000
 1.0000000
 1.0000000
 1.0000000
 1.0000000
 1.0000000
 1.0000000
 1.0000000
 1.0000000
 1.0000000
 1.0000000
 1.0000000
 1.0000000
 1.0000000
 1.0000000
 1.0000000
 1.0000000
 1.0000000
 1.0000000
 1.0000000
 1.0000000
 1.0000000
 1.0000000
 1.0000000
 1.0000000
 1.0000000
 1.0000000
 1.0000000
 1.0000000
 1.0000000
 1.0000000
 1.0000000
 1.0000000
 1.0000000
 1.0000000
 1.0000000
 1.0000000
 1.0000000
 1.0000000
 1.0000000
 1.0000000
 1.0000000
 1.0000000
 1.0000000
 1.0000000
 1.0000000
 1.0000000
 1.0000000
 1.0000000
 1.0000000
 1.0000000
 1.0000000
 1.0000000
 1.0000000
 1.0000000
 1.0000000
 1.0000000
 1.0000000
 1.0000000
 1.0000000
 1.0000000
 1.0000000
 1.0000000
 1.0000000
 1.0000000
 1.0000000
 1.0000000
 1.0000000
 1.0000000
 1.0000000
 1.0000000
 1.0000000
 1.0000000
 1.0000000
 1.0000000
 1.0000000
 1.0000000
 1.0000000
 1.0000000
 1.0000000
 1.0000000
 1.0000000
 1.0000000
 1.0000000
 1.0000000
 1.0000000
 1.0000000
 1.0000000
 1.0000000
 1.0000000
 1.0000000
 1.0000000
 1.0000000
 1.0000000
 1.0000000
 1.0000000
 1.0000000
 1.0000000
 1.0000000
 1.0000000
 1.0000000
 0.9999999
 0.9999999
 0.9999999
 0.9999998
 0.9999997
 0.9999995
 0.9999992
 0.9999988
 0.9999982
 0.9999972
 0.9999959
 0.9999938
 0.9999908
 0.9999865
 0.9999802
 0.9999712
 0.9999583
 0.9999401
 0.9999144
 0.9998784
 0.9998285
 0.9997595
 0.9996649
 0.9995356
 0.9993610
 0.9991264
 0.9988131
 0.9983977
 0.9978504
 0.9971346
 0.9962046
 0.9950050
 0.9934686
 0.9915149
 0.9890396
 0.9859480
 0.9821045
 0.9773641
 0.9715646
 0.9645288
 0.9560667
 0.9459804
 0.9340700
 0.9201420
 0.9040192
 0.8854864
 0.8645586
 0.8411237
 0.8151942
 0.7868593
 0.7562925
 0.7237539
 0.6895862
 0.6542058
 0.6180866
 0.5817387
 0.5455647
 0.5103155
 0.4763391
 0.4440454
 0.4137689
 0.3857601
 0.3601828
 0.3371190
 0.3165777
 0.2985079
 0.2828134
 0.2693261
 0.2579924
 0.2486164
 0.2410569
 0.2351868
 0.2308988
 0.2281100
 0.2267639
 0.2268330
 0.2283186
 0.2312513
 0.2356901
 0.2417435
 0.2494808
 0.2590485
 0.2705886
 0.2842485
 0.3001704
 0.3184785
 0.3392654
 0.3625768
 0.3883971
 0.4166366
 0.4472285
 0.4797091
 0.5138342
 0.5491869
 0.5852930
 0.6216416
 0.6577106
 0.6929924
 0.7270178
 0.7593773
 0.7897356
 0.8179313
 0.8436109
 0.8667913
 0.8874673
 0.9056992
 0.9216000
 0.9353222
 0.9470453
 0.9569637
 0.9652775
 0.9721841
 0.9778894
 0.9825319
 0.9862929
 0.9893159
 0.9917272
 0.9936360
 0.9951362
 0.9963066
 0.9972133
 0.9979108
 0.9984436
 0.9988491
 0.9991534
 0.9993812
 0.9995505
 0.9996756
 0.9997673
 0.9998341
 0.9998825
 0.9999173
 0.9999421
 0.9999598
 0.9999723
 0.9999810
 0.9999870
 0.9999912
 0.9999941
 0.9999960
 0.9999974
 0.9999982
 0.9999988
 0.9999992
 0.9999995
 0.9999996
 0.9999997
 0.9999998
 0.9999998
 0.9999997
 0.9999996
 0.9999994
 0.9999992
 0.9999987
 0.9999981
 0.9999972
 0.9999958
 0.9999939
 0.9999910
 0.9999869
 0.9999810
 0.9999727
 0.9999610
 0.9999446
 0.9999218
 0.9998902
 0.9998470
 0.9997877
 0.9997077
 0.9996001
 0.9994562
 0.9992651
 0.9990130
 0.9986828
 0.9982532
 0.9976979
 0.9969852
 0.9960768
 0.9949227
 0.9934768
 0.9916727
 0.9894382
 0.9866912
 0.9833397
 0.9792821
 0.9744085
 0.9686022
 0.9617420
 0.9537056
 0.9443405
 0.9335977
 0.9213511
 0.9075237
 0.8920648
 0.8749566
 0.8562194
 0.8359161
 0.8141545
 0.7910881
 0.7669137
 0.7417820
 0.7161291
 0.6901635
 0.6641890
 0.6385116
 0.6134289
 0.5892203
 0.5661396
 0.5444087
 0.5242152
 0.5057107
 0.4889596
 0.4741596
 0.4613103
 0.4504482
 0.4415931
 0.4347531
 0.4299296
 0.4271207
 0.4263243
 0.4275397
 0.4307679
 0.4360322
 0.4432989
 0.4525797
 0.4638645
 0.4771303
 0.4923364
 0.5094190
 0.5282860
 0.5488133
 0.5708419
 0.5941770
 0.6186727
 0.6439053
 0.6696708
 0.6956690
 0.7215935
 0.7471423
 0.7720285
 0.7959905
 0.8187999
 0.8402689
 0.8602535
 0.8787139
 0.8954735
 0.9105845
 0.9240722
 0.9359934
 0.9464298
 0.9554822
 0.9632636
 0.9698943
 0.9754964
 0.9801906
 0.9841042
 0.9873197
 0.9899509
 0.9920877
 0.9938104
 0.9951889
 0.9962843
 0.9971484
 0.9978254
 0.9983521
 0.9987590
 0.9990722
 0.9993101
 0.9994901
 0.9996256
 0.9997267
 0.9998018
 0.9998571
 0.9998977
 0.9999271
 0.9999485
 0.9999638
 0.9999747
 0.9999824
 0.9999879
 0.9999917
 0.9999943
 0.9999962
 0.9999974
 0.9999983
 0.9999989
 0.9999992
 0.9999995
 0.9999997
 0.9999998
 0.9999999
 0.9999999
 0.9999999
 1.0000000
 1.0000000
 1.0000000
 1.0000000
 1.0000000
 1.0000000
 1.0000000
 1.0000000
 1.0000000
 1.0000000
 1.0000000
 1.0000000
 1.0000000
 1.0000000
 1.0000000
 1.0000000
 1.0000000
 1.0000000
 1.0000000
 1.0000000
 1.0000000
 1.0000000
 1.0000000
 1.0000000
 1.0000000
 1.0000000
 1.0000000
 1.0000000
 1.0000000
 1.0000000
 1.0000000
 1.0000000
 1.0000000
 1.0000000
 1.0000000
 1.0000000
 1.0000000
 1.0000000
 1.0000000
 1.0000000
 1.0000000
 1.0000000
 1.0000000
 1.0000000
 1.0000000
 1.0000000
 1.0000000
 1.0000000
 1.0000000
 1.0000000
 1.0000000
 1.0000000
 1.0000000
 1.0000000
 1.0000000
 1.0000000
 1.0000000
 1.0000000
 1.0000000
 1.0000000
 1.0000000
 1.0000000
 1.0000000
 1.0000000
 1.0000000
 1.0000000
 1.0000000
 1.0000000
 1.0000000
 1.0000000
 1.0000000
 1.0000000
 1.0000000
 1.0000000
 1.0000000
 1.0000000
 1.0000000
 1.0000000
 1.0000000
 1.0000000
 1.0000000
 1.0000000
 1.0000000
 1.0000000
 1.0000000
 1.0000000
 1.0000000
 1.0000000
 1.0000000
 1.0000000
 1.0000000
 1.0000000
 1.0000000
 1.0000000
 1.0000000
 1.0000000
 1.0000000
 1.0000000
 1.0000000
 1.0000000
 1.0000000
 1.0000000
 1.0000000
 1.0000000
 1.0000000
 1.0000000
 1.0000000
 1.0000000
 1.0000000
 1.0000000
 1.0000000
 1.0000000
 1.0000000
 1.0000000
 1.0000000
 1.0000000
 1.0000000
 1.0000000
 1.0000000
 1.0000000
 1.0000000
 1.0000000
 1.0000000
 1.0000000
 1.0000000
 1.0000000
 1.0000000
 1.0000000
 1.0000000
 1.0000000
 1.0000000
 1.0000000
 1.0000000
 1.0000000
 1.0000000
 1.0000000
 1.0000000
 1.0000000
 1.0000000
 1.0000000
 1.0000000
 1.0000000
 1.0000000
 1.0000000
 1.0000000
 1.0000000
 1.0000000
 1.0000000
 1.0000000
 1.0000000
 1.0000000
 1.0000000
 1.0000000
 1.0000000
 1.0000000
 1.0000000
 1.0000000
 1.0000000
 1.0000000
 1.0000000
 1.0000000
 1.0000000
 1.0000000
 1.0000000
 1.0000000
 1.0000000
 1.0000000
 1.0000000
 1.0000000
 1.0000000
 1.0000000
 1.0000000
 1.0000000
 1.0000000
 1.0000000
 1.0000000
 1.0000000
 1.0000000
 1.0000000
 1.0000000
 1.0000000
 1.0000000
 1.0000000
 1.0000000
 1.0000000
 1.0000000
 1.0000000
 1.0000000
 1.0000000
 1.0000000
 1.0000000
 1.0000000
 1.0000000
 1.0000000
 1.0000000
 1.0000000
 1.0000000
 1.0000000
 1.0000000
 1.0000000
 1.0000000
 1.0000000
 1.0000000
 1.0000000
 1.0000000
 1.0000000
 1.0000000
 1.0000000
 1.0000000
 1.0000000
 1.0000000
 1.0000000
 0.9999999
 0.9999998
 0.9999991
 0.9999971
 0.9999906
 0.9999711
 0.9999159
 0.9997675
 0.9993896
 0.9984798
 0.9964021
 0.9919706
 0.9831149
 0.9667451
 0.9392223
 0.8981643
 0.8456012
 0.7901289
 0.7438610
 0.7144291
 0.7004049
 0.6953331
 0.6938841
 0.6935217
 0.6934334
 0.6934106
 0.6934054
 0.6934083
 0.6934246
 0.6934872
 0.6937412
 0.6947749
 0.6985575
 0.7097003
 0.7348272
 0.7772560
 0.8315361
 0.8858763
 0.9302470
 0.9610438
 0.9798668
 0.9902744
 0.9955787
 0.9981060
 0.9992293
 0.9997025
 0.9998910
 0.9999621
 0.9999875
 0.9999961
 0.9999988
 0.9999997
 0.9999999
 1.0000000
 1.0000000
 1.0000000
 1.0000000
 1.0000000
 1.0000000
 1.0000000
 1.0000000
 1.0000000
 1.0000000
 1.0000000
 1.0000000
 1.0000000
 1.0000000
 1.0000000
 1.0000000
 1.0000000
 1.0000000
 1.0000000
 1.0000000
 1.0000000
 1.0000000
 1.0000000
 1.0000000
 1.0000000
 1.0000000
 1.0000000
 1.0000000
 1.0000000
 1.0000000
 1.0000000
 1.0000000
 1.0000000
 1.0000000
 1.0000000
 1.0000000
 1.0000000
 1.0000000
 1.0000000
 1.0000000
 1.0000000
 1.0000000
 1.0000000
 1.0000000
 1.0000000
 1.0000000
 1.0000000
 1.0000000
 1.0000000
 1.0000000
 1.0000000
 1.0000000
 1.0000000
 1.0000000
 1.0000000
 1.0000000
 1.0000000
 1.0000000
 1.0000000
 1.0000000
 1.0000000
 1.0000000
 1.0000000
 1.0000000
 1.0000000
 1.0000000
 1.0000000
 1.0000000
 1.0000000
 1.0000000
 1.0000000
 1.0000000
 1.0000000
 1.0000000
 1.0000000
 1.0000000
 1.0000000
 1.0000000
 1.0000000
 1.0000000
 1.0000000
 1.0000000
 1.0000000
 1.0000000
 1.0000000
 1.0000000
 1.0000000
 1.0000000
 1.0000000
 1.0000000
 1.0000000
 1.0000000
 0.9999999
 0.9999998
 0.9999991
 0.9999972
 0.9999912
 0.9999737
 0.9999258
 0.9998013
 0.9994927
 0.9987751
 0.9971947
 0.9939149
 0.9875290
 0.9759467
 0.9565887
 0.9272236
 0.8875698
 0.8409419
 0.7942047
 0.7547712
 0.7271494
 0.7106975
 0.7021371
 0.6980792
 0.6962741
 0.6955673
 0.6954927
 0.6960014
 0.6974287
 0.7007021
 0.7077711
 0.7217301
 0.7461252
 0.7824817
 0.8278678
 0.8753083
 0.9173657
 0.9496363
 0.9715497
 0.9849893
 0.9925569
 0.9965253
 0.9984607
 0.9993535
 0.9997423
 0.9999025
 0.9999649
 0.9999880
 0.9999961
 0.9999988
 0.9999997
 0.9999999
 1.0000000
 1.0000000
 1.0000000
 1.0000000
 1.0000000
 1.0000000
 1.0000000
 1.0000000
 1.0000000
 1.0000000
 1.0000000
 1.0000000
 1.0000000
 1.0000000
 1.0000000
 1.0000000
 1.0000000
 1.0000000
 1.0000000
 1.0000000
 1.0000000
 1.0000000
 1.0000000
 1.0000000
 1.0000000
 1.0000000
 1.0000000
 1.0000000
 1.0000000
 1.0000000
 1.0000000
 1.0000000
 1.0000000
 1.0000000
 1.0000000
 1.0000000
 1.0000000
 1.0000000
 1.0000000
 1.0000000
 1.0000000
 1.0000000
 1.0000000
 1.0000000
 1.0000000
 1.0000000
 1.0000000
 1.0000000
 1.0000000
 1.0000000
 1.0000000
 1.0000000
 1.0000000
 1.0000000
 1.0000000
 1.0000000
 1.0000000
 1.0000000
 1.0000000
 1.0000000
 1.0000000
 1.0000000
 1.0000000
 1.0000000
 1.0000000
 1.0000000
 1.0000000
 1.0000000
 1.0000000
 1.0000000
 1.0000000
 1.0000000
 1.0000000
 1.0000000
 1.0000000
 1.0000000
 1.0000000
 1.0000000
 1.0000000
 1.0000000
 1.0000000
 1.0000000
 1.0000000
 1.0000000
 1.0000000
 1.0000000
 1.0000000
 1.0000000
 1.0000000
 1.0000000
 1.0000000
 1.0000000
 1.0000000
 1.0000000
 1.0000000
 1.0000000
 1.0000000
 1.0000000
 1.0000000
 1.0000000
 1.0000000
 1.0000000
 1.0000000
 1.0000000
 1.0000000
 1.0000000
 1.0000000
 1.0000000
 1.0000000
 1.0000000
 1.0000000
 1.0000000
 1.0000000
 1.0000000
 1.0000000
 1.0000000
 1.0000000
 1.0000000
 1.0000000
 1.0000000
 1.0000000
 1.0000000
 1.0000000
 1.0000000
 1.0000000
 1.0000000
 1.0000000
 1.0000000
 1.0000000
 1.0000000
 1.0000000
 1.0000000
 1.0000000
 1.0000000
 1.0000000
 1.0000000
 1.0000000
 1.0000000
 1.0000000
 1.0000000
 1.0000000
 1.0000000
 1.0000000
 1.0000000
 1.0000000
 1.0000000
 1.0000000
 1.0000000
 1.0000000
 1.0000000
 1.0000000
 1.0000000
 1.0000000
 1.0000000
 1.0000000
 1.0000000
 1.0000000
 1.0000000
 1.0000000
 1.0000000
 1.0000000
 1.0000000
 1.0000000
 1.0000000
 1.0000000
 1.0000000
 1.0000000
 1.0000000
 1.0000000
 1.0000000
 1.0000000
 1.0000000
 1.0000000
 1.0000000
 1.0000000
 1.0000000
 1.0000000
 1.0000000
 1.0000000
 1.0000000
 1.0000000
 1.0000000
 1.0000000
 1.0000000
 1.0000000
 1.0000000
 1.0000000
 1.0000000
 1.0000000
 1.0000000
 1.0000000
 1.0000000
 1.0000000
 1.0000000
 1.0000000
 1.0000000
 1.0000000
 1.0000000
 1.0000000
 1.0000000
 1.0000000
 1.0000000
 1.0000000
 1.0000000
 1.0000000
 1.0000000
 1.0000000
 1.0000000
 1.0000000
 1.0000000
 1.0000000
 1.0000000
 0.9999999
 0.9999999
 0.9999998
 0.9999997
 0.9999995
 0.9999992
 0.9999987
 0.9999979
 0.9999966
 0.9999945
 0.9999911
 0.9999859
 0.9999778
 0.9999653
 0.9999461
 0.9999173
 0.9998741
 0.9998101
 0.9997160
 0.9995790
 0.9993814
 0.9990990
 0.9986993
 0.9981392
 0.9973619
 0.9962900
 0.9948373
 0.9928845
 0.9902893
 0.9868820
 0.9824661
 0.9768218
 0.9697156
 0.9609146
 0.9502093
 0.9374438
 0.9225519
 0.9055350
 0.8867303
 0.8664879
 0.8453875
 0.8241476
 0.8035575
 0.7843837
 0.7672706
 0.7526572
 0.7407323
 0.7314372
 0.7244941
 0.7195651
 0.7161951
 0.7139768
 0.7125645
 0.7116898
 0.7111595
 0.7108425
 0.7106544
 0.7105427
 0.7104762
 0.7104360
 0.7104118
 0.7103973
 0.7103889
 0.7103848
 0.7103841
 0.7103866
 0.7103928
 0.7104042
 0.7104234
 0.7104550
 0.7105078
 0.7105957
 0.7107435
 0.7109928
 0.7114116
 0.7121075
 0.7132433
 0.7150514
 0.7178426
 0.7219993
 0.7279467
 0.7361296
 0.7468206
 0.7602017
 0.7762016
 0.7944941
 0.8145209
 0.8355601
 0.8568204
 0.8775402
 0.8970694
 0.9149207
 0.9308384
 0.9445834
 0.9562241
 0.9658800
 0.9737399
 0.9800291
 0.9849832
 0.9888298
 0.9917769
 0.9940067
 0.9956741
 0.9969106
 0.9978116
 0.9984640
 0.9989315
 0.9992634
 0.9994967
 0.9996591
 0.9997711
 0.9998477
 0.9998995
 0.9999343
 0.9999575
 0.9999727
 0.9999826
 0.9999890
 0.9999931
 0.9999957
 0.9999974
 0.9999984
 0.9999990
 0.9999994
 0.9999997
 0.9999998
 0.9999999
 0.9999999
 1.0000000
 1.0000000
 1.0000000
 1.0000000
 1.0000000
 1.0000000
 1.0000000
 1.0000000
 1.0000000
 1.0000000
 1.0000000
 1.0000000
 1.0000000
 1.0000000
 1.0000000
 1.0000000
 1.0000000
 1.0000000
 0.9999999
 0.9999999
 0.9999998
 0.9999997
 0.9999995
 0.9999991
 0.9999986
 0.9999977
 0.9999963
 0.9999941
 0.9999906
 0.9999853
 0.9999772
 0.9999649
 0.9999465
 0.9999192
 0.9998788
 0.9998199
 0.9997348
 0.9996127
 0.9994393
 0.9991955
 0.9988557
 0.9983850
 0.9977436
 0.9968759
 0.9957140
 0.9941744
 0.9921568
 0.9895427
 0.9861960
 0.9819655
 0.9766887
 0.9702005
 0.9623152
 0.9529516
 0.9419942
 0.9294132
 0.9152600
 0.8996825
 0.8829324
 0.8653609
 0.8474006
 0.8295334
 0.8122486
 0.7959447
 0.7811010
 0.7679193
 0.7565327
 0.7469528
 0.7390897
 0.7327795
 0.7278162
 0.7239797
 0.7210577
 0.7188602
 0.7172214
 0.7160218
 0.7151539
 0.7145418
 0.7141312
 0.7138852
 0.7137817
 0.7138113
 0.7139768
 0.7142930
 0.7147882
 0.7155098
 0.7165166
 0.7178973
 0.7197658
 0.7222661
 0.7255726
 0.7298866
 0.7354262
 0.7424082
 0.7510236
 0.7614070
 0.7736498
 0.7876055
 0.8031218
 0.8198877
 0.8374924
 0.8554624
 0.8733061
 0.8905589
 0.9068215
 0.9217861
 0.9352474
 0.9471393
 0.9573696
 0.9660411
 0.9732665
 0.9791919
 0.9839797
 0.9877948
 0.9907955
 0.9931267
 0.9949167
 0.9962757
 0.9972995
 0.9980575
 0.9986153
 0.9990217
 0.9993149
 0.9995244
 0.9996727
 0.9997768
 0.9998490
 0.9998988
 0.9999327
 0.9999558
 0.9999711
 0.9999813
 0.9999880
 0.9999924
 0.9999952
 0.9999970
 0.9999981
 0.9999989
 0.9999993
 0.9999996
 0.9999997
 0.9999998
 0.9999999
 0.9999999
 1.0000000
 1.0000000
 1.0000000
 1.0000000
 1.0000000
