 1337.9885   1.0000   2.587966E-14   2.817619E-14   1.0887
 1338.0184   1.0000   2.583100E-14   2.733894E-14   1.0584
 1338.0483   1.0000   2.578231E-14   2.677245E-14   1.0384
 1338.0782   1.0000   2.573360E-14   2.644050E-14   1.0275
 1338.1081   1.0000   2.568490E-14   2.546075E-14   0.9913
 1338.1380   1.0000   2.563620E-14   2.732780E-14   1.0660
 1338.1679   1.0000   2.558752E-14   2.540318E-14   0.9928
 1338.1978   1.0000   2.553887E-14   2.696550E-14   1.0559
 1338.2278   1.0000   2.549010E-14   2.537382E-14   0.9954
 1338.2577   1.0000   2.544155E-14   2.685368E-14   1.0555
 1338.2876   1.0000   2.539306E-14   2.735913E-14   1.0774
 1338.3175   1.0000   2.534465E-14   2.747526E-14   1.0841
 1338.3474   1.0000   2.529632E-14   2.968312E-14   1.1734
 1338.3773   1.0000   2.524809E-14   2.670989E-14   1.0579
 1338.4072   1.0000   2.519997E-14   2.838966E-14   1.1266
 1338.4371   1.0000   2.515197E-14   2.562302E-14   1.0187
 1338.4670   1.0000   2.510410E-14   2.424218E-14   0.9657
 1338.4969   1.0000   2.505638E-14   2.264828E-14   0.9039
 1338.5268   0.9999   2.500880E-14   2.624814E-14   1.0496
 1338.5568   0.9998   2.496124E-14   2.771016E-14   1.1101
 1338.5867   0.9997   2.491400E-14   2.790712E-14   1.1201
 1338.6166   0.9994   2.486696E-14   2.350771E-14   0.9453
 1338.6465   0.9990   2.482011E-14   2.822042E-14   1.1370
 1338.6764   0.9982   2.477347E-14   2.656831E-14   1.0724
 1338.7063   0.9969   2.472706E-14   2.432117E-14   0.9836
 1338.7362   0.9949   2.468087E-14   2.322896E-14   0.9412
 1338.7661   0.9917   2.463493E-14   2.232615E-14   0.9063
 1338.7960   0.9870   2.458924E-14   1.952375E-14   0.7940
 1338.8259   0.9802   2.454381E-14   2.362026E-14   0.9624
 1338.8558   0.9707   2.449867E-14   2.218386E-14   0.9055
 1338.8858   0.9579   2.445366E-14   2.431301E-14   0.9942
 1338.9157   0.9411   2.440910E-14   2.500001E-14   1.0242
 1338.9456   0.9201   2.436484E-14   2.091608E-14   0.8585
 1338.9755   0.8947   2.432091E-14   2.261462E-14   0.9298
 1339.0054   0.8654   2.427732E-14   2.029231E-14   0.8359
 1339.0353   0.8329   2.423406E-14   2.362803E-14   0.9750
 1339.0652   0.7985   2.419116E-14   1.697264E-14   0.7016
 1339.0951   0.7638   2.414862E-14   1.830490E-14   0.7580
 1339.1250   0.7303   2.410646E-14   1.768282E-14   0.7335
 1339.1549   0.6998   2.406469E-14   1.728888E-14   0.7184
 1339.1848   0.6738   2.402332E-14   1.626875E-14   0.6772
 1339.2148   0.6532   2.398222E-14   1.471632E-14   0.6136
 1339.2447   0.6391   2.394168E-14   1.596235E-14   0.6667
 1339.2746   0.6318   2.390157E-14   1.391515E-14   0.5822
 1339.3045   0.6316   2.386191E-14   1.431436E-14   0.5999
 1339.3344   0.6384   2.382270E-14   1.489690E-14   0.6253
 1339.3643   0.6517   2.378396E-14   1.711700E-14   0.7197
 1339.3942   0.6709   2.374569E-14   1.921704E-14   0.8093
 1339.4241   0.6945   2.370792E-14   1.644290E-14   0.6936
 1339.4540   0.7209   2.367064E-14   1.474307E-14   0.6228
 1339.4839   0.7473   2.363387E-14   1.604737E-14   0.6790
 1339.5138   0.7709   2.359762E-14   1.713374E-14   0.7261
 1339.5438   0.7883   2.356179E-14   2.008270E-14   0.8523
 1339.5737   0.7961   2.352662E-14   1.947382E-14   0.8277
 1339.6036   0.7921   2.349201E-14   1.837137E-14   0.7820
 1339.6335   0.7755   2.345796E-14   2.078292E-14   0.8860
 1339.6634   0.7479   2.342449E-14   1.521027E-14   0.6493
 1339.6933   0.7127   2.339161E-14   1.523153E-14   0.6512
 1339.7232   0.6750   2.335933E-14   1.609358E-14   0.6890
 1339.7531   0.6397   2.332766E-14   1.578872E-14   0.6768
 1339.7830   0.6099   2.329661E-14   1.264751E-14   0.5429
 1339.8129   0.5870   2.326620E-14   1.473634E-14   0.6334
 1339.8428   0.5703   2.323643E-14   1.412452E-14   0.6079
 1339.8728   0.5580   2.320722E-14   1.240492E-14   0.5345
 1339.9027   0.5480   2.317877E-14   1.215373E-14   0.5243
 1339.9326   0.5377   2.315101E-14   1.368365E-14   0.5911
 1339.9625   0.5246   2.312393E-14   1.193974E-14   0.5163
 1339.9924   0.5061   2.309755E-14   1.084668E-14   0.4696
 1340.0223   0.4802   2.307188E-14   1.271980E-14   0.5513
 1340.0522   0.4462   2.304694E-14   1.141058E-14   0.4951
 1340.0821   0.4065   2.302272E-14   9.065758E-15   0.3938
 1340.1120   0.3664   2.299926E-14   7.696959E-15   0.3347
 1340.1419   0.3332   2.297655E-14   4.841080E-15   0.2107
 1340.1718   0.3127   2.295460E-14   6.716198E-15   0.2926
 1340.2018   0.3065   2.293337E-14   6.096117E-15   0.2658
 1340.2317   0.3127   2.291299E-14   7.755791E-15   0.3385
 1340.2616   0.3279   2.289342E-14   5.955520E-15   0.2601
 1340.2915   0.3488   2.287466E-14   7.717008E-15   0.3374
 1340.3214   0.3726   2.285672E-14   1.014224E-14   0.4437
 1340.3513   0.3966   2.283962E-14   8.396405E-15   0.3676
 1340.3812   0.4184   2.282336E-14   8.644225E-15   0.3787
 1340.4111   0.4361   2.280796E-14   9.560394E-15   0.4192
 1340.4410   0.4485   2.279342E-14   9.220075E-15   0.4045
 1340.4709   0.4549   2.277977E-14   1.134123E-14   0.4979
 1340.5008   0.4548   2.276700E-14   1.093731E-14   0.4804
 1340.5308   0.4479   2.275508E-14   1.139860E-14   0.5009
 1340.5607   0.4340   2.274408E-14   8.879770E-15   0.3904
 1340.5906   0.4136   2.273396E-14   8.519989E-15   0.3748
 1340.6205   0.3887   2.272473E-14   1.003199E-14   0.4415
 1340.6504   0.3629   2.271636E-14   8.735117E-15   0.3845
 1340.6803   0.3417   2.270887E-14   7.063270E-15   0.3110
 1340.7102   0.3302   2.270225E-14   6.431198E-15   0.2833
 1340.7401   0.3308   2.269649E-14   7.608126E-15   0.3352
 1340.7700   0.3415   2.269160E-14   7.542127E-15   0.3324
 1340.7999   0.3580   2.268756E-14   8.068262E-15   0.3556
 1340.8298   0.3768   2.268438E-14   8.796679E-15   0.3878
 1340.8598   0.3965   2.268205E-14   9.229958E-15   0.4069
 1340.8897   0.4178   2.268057E-14   8.500595E-15   0.3748
 1340.9196   0.4430   2.267994E-14   1.070744E-14   0.4721
 1340.9495   0.4747   2.268016E-14   1.205696E-14   0.5316
 1340.9794   0.5152   2.268122E-14   1.000913E-14   0.4413
 1341.0093   0.5656   2.268311E-14   1.325513E-14   0.5844
 1341.0392   0.6249   2.268584E-14   1.449152E-14   0.6388
 1341.0691   0.6902   2.268940E-14   1.494166E-14   0.6585
 1341.0990   0.7565   2.269379E-14   1.852240E-14   0.8162
 1341.1289   0.8186   2.269901E-14   1.914819E-14   0.8436
 1341.1588   0.8720   2.270505E-14   1.751801E-14   0.7715
 1341.1888   0.9145   2.271193E-14   2.112755E-14   0.9302
 1341.2187   0.9458   2.271960E-14   2.101753E-14   0.9251
 1341.2486   0.9673   2.272809E-14   2.165930E-14   0.9530
 1341.2785   0.9812   2.273739E-14   2.225829E-14   0.9789
 1341.3084   0.9897   2.274750E-14   2.334321E-14   1.0262
 1341.3383   0.9946   2.275841E-14   2.195598E-14   0.9647
 1341.3682   0.9973   2.277012E-14   2.258382E-14   0.9918
 1341.3981   0.9987   2.278263E-14   2.348899E-14   1.0310
 1341.4280   0.9994   2.279593E-14   2.151532E-14   0.9438
 1341.4579   0.9997   2.281003E-14   2.281430E-14   1.0002
 1341.4878   0.9999   2.282491E-14   2.589354E-14   1.1344
 1341.5178   1.0000   2.284064E-14   2.279761E-14   0.9981
 1341.5477   1.0000   2.285709E-14   2.212224E-14   0.9679
 1341.5776   1.0000   2.287433E-14   2.348165E-14   1.0266
 1341.6075   1.0000   2.289234E-14   2.162316E-14   0.9446
 1341.6374   1.0000   2.291112E-14   2.036334E-14   0.8888
 1341.6673   1.0000   2.293068E-14   2.428581E-14   1.0591
 1341.6972   1.0000   2.295100E-14   2.448232E-14   1.0667
 1341.7271   1.0000   2.297209E-14   2.499254E-14   1.0880
 1341.7570   1.0000   2.299394E-14   2.231314E-14   0.9704
 1341.7869   1.0000   2.301654E-14   2.347493E-14   1.0199
 1341.8168   1.0000   2.303990E-14   2.458370E-14   1.0670
 1341.8468   1.0000   2.306410E-14   2.212732E-14   0.9594
 1341.8767   1.0000   2.308896E-14   2.436564E-14   1.0553
 1341.9066   1.0000   2.311457E-14   2.322112E-14   1.0046
 1341.9365   1.0000   2.314093E-14   2.695246E-14   1.1647
 1341.9664   0.9999   2.316802E-14   2.730936E-14   1.1788
 1341.9963   0.9998   2.319585E-14   2.613709E-14   1.1268
 1342.0262   0.9995   2.322441E-14   2.450684E-14   1.0552
 1342.0561   0.9988   2.325371E-14   2.466022E-14   1.0605
 1342.0860   0.9971   2.328373E-14   2.751573E-14   1.1818
 1342.1159   0.9932   2.331447E-14   2.209320E-14   0.9476
 1342.1458   0.9850   2.334594E-14   2.231740E-14   0.9559
 1342.1758   0.9695   2.337823E-14   2.146261E-14   0.9181
 1342.2057   0.9426   2.341113E-14   2.141987E-14   0.9149
 1342.2356   0.9009   2.344475E-14   1.910252E-14   0.8148
 1342.2655   0.8430   2.347907E-14   1.892934E-14   0.8062
 1342.2954   0.7722   2.351410E-14   2.033631E-14   0.8649
 1342.3253   0.6961   2.354984E-14   1.851632E-14   0.7863
 1342.3552   0.6251   2.358627E-14   1.477123E-14   0.6263
 1342.3851   0.5690   2.362340E-14   1.341248E-14   0.5678
 1342.4150   0.5344   2.366122E-14   1.219483E-14   0.5154
 1342.4449   0.5248   2.369973E-14   1.246378E-14   0.5259
 1342.4748   0.5409   2.373894E-14   1.159472E-14   0.4884
 1342.5048   0.5809   2.377896E-14   1.302889E-14   0.5479
 1342.5347   0.6399   2.381953E-14   1.823989E-14   0.7658
 1342.5646   0.7096   2.386077E-14   1.802978E-14   0.7556
 1342.5945   0.7797   2.390270E-14   1.715692E-14   0.7178
 1342.6244   0.8401   2.394529E-14   2.017321E-14   0.8425
 1342.6543   0.8846   2.398856E-14   2.188164E-14   0.9122
 1342.6842   0.9116   2.403249E-14   2.398005E-14   0.9978
 1342.7141   0.9233   2.407708E-14   2.407346E-14   0.9998
 1342.7440   0.9235   2.412234E-14   2.237322E-14   0.9275
 1342.7739   0.9156   2.416825E-14   1.884339E-14   0.7797
 1342.8038   0.9022   2.421481E-14   2.302036E-14   0.9507
 1342.8338   0.8848   2.426219E-14   2.089819E-14   0.8613
 1342.8637   0.8643   2.431006E-14   2.128963E-14   0.8758
 1342.8936   0.8409   2.435857E-14   1.907003E-14   0.7829
 1342.9235   0.8149   2.440772E-14   1.662417E-14   0.6811
 1342.9534   0.7864   2.445751E-14   1.650939E-14   0.6750
 1342.9833   0.7556   2.450794E-14   1.847196E-14   0.7537
 1343.0132   0.7226   2.455900E-14   1.616539E-14   0.6582
 1343.0431   0.6877   2.461069E-14   1.836374E-14   0.7462
 1343.0730   0.6514   2.466300E-14   1.704015E-14   0.6909
 1343.1029   0.6139   2.471594E-14   1.538127E-14   0.6223
 1343.1328   0.5757   2.476950E-14   1.668289E-14   0.6735
 1343.1628   0.5372   2.482385E-14   1.425574E-14   0.5743
 1343.1927   0.4991   2.487865E-14   1.547166E-14   0.6219
 1343.2226   0.4617   2.493405E-14   1.209499E-14   0.4851
 1343.2525   0.4254   2.499006E-14   9.660150E-15   0.3866
 1343.2824   0.3907   2.504668E-14   9.535117E-15   0.3807
 1343.3123   0.3581   2.510389E-14   8.548026E-15   0.3405
 1343.3422   0.3278   2.516171E-14   8.899867E-15   0.3537
 1343.3721   0.3002   2.522012E-14   7.246194E-15   0.2873
 1343.4020   0.2754   2.527913E-14   6.345323E-15   0.2510
 1343.4319   0.2536   2.533872E-14   7.266714E-15   0.2868
 1343.4618   0.2348   2.539890E-14   5.591502E-15   0.2201
 1343.4918   0.2190   2.545987E-14   5.173477E-15   0.2032
 1343.5217   0.2061   2.552122E-14   5.481680E-15   0.2148
 1343.5516   0.1959   2.558314E-14   4.787533E-15   0.1871
 1343.5815   0.1884   2.564564E-14   4.829742E-15   0.1883
 1343.6114   0.1832   2.570871E-14   5.442822E-15   0.2117
 1343.6413   0.1801   2.577235E-14   3.240075E-15   0.1257
 1343.6712   0.1789   2.583655E-14   4.638211E-15   0.1795
 1343.7011   0.1793   2.590131E-14   3.454773E-15   0.1334
 1343.7310   0.1810   2.596664E-14   5.203629E-15   0.2004
 1343.7609   0.1836   2.603252E-14   5.138479E-15   0.1974
 1343.7908   0.1869   2.609895E-14   4.749999E-15   0.1820
 1343.8207   0.1903   2.616593E-14   4.739170E-15   0.1811
 1343.8507   0.1934   2.623369E-14   6.078735E-15   0.2317
 1343.8806   0.1955   2.630176E-14   6.346920E-15   0.2413
 1343.9105   0.1958   2.637038E-14   4.334260E-15   0.1644
 1343.9404   0.1937   2.643953E-14   6.873890E-15   0.2600
 1343.9703   0.1884   2.650922E-14   5.437317E-15   0.2051
 1344.0002   0.1795   2.657943E-14   4.325963E-15   0.1628
 1344.0301   0.1682   2.665017E-14   4.595782E-15   0.1724
 1344.0600   0.1565   2.672140E-14   4.373559E-15   0.1637
 1344.0899   0.1473   2.679313E-14   4.485178E-15   0.1674
 1344.1198   0.1425   2.686533E-14   4.533102E-15   0.1687
 1344.1497   0.1421   2.693799E-14   5.032380E-15   0.1868
 1344.1797   0.1447   2.701135E-14   3.307406E-15   0.1224
 1344.2096   0.1494   2.708489E-14   4.519544E-15   0.1669
 1344.2395   0.1553   2.715885E-14   4.524075E-15   0.1666
 1344.2694   0.1619   2.723321E-14   4.268402E-15   0.1567
 1344.2993   0.1683   2.730797E-14   4.130554E-15   0.1513
 1344.3292   0.1739   2.738310E-14   4.406619E-15   0.1609
 1344.3591   0.1777   2.745859E-14   4.798917E-15   0.1748
 1344.3890   0.1791   2.753443E-14   4.974204E-15   0.1807
 1344.4189   0.1780   2.761060E-14   5.742791E-15   0.2080
 1344.4488   0.1750   2.768709E-14   5.920655E-15   0.2138
 1344.4787   0.1719   2.776389E-14   6.223692E-15   0.2242
 1344.5087   0.1709   2.784124E-14   5.190591E-15   0.1864
 1344.5386   0.1748   2.791860E-14   5.075976E-15   0.1818
 1344.5685   0.1857   2.799623E-14   6.367205E-15   0.2274
 1344.5984   0.2046   2.807411E-14   6.962867E-15   0.2480
 1344.6283   0.2295   2.815222E-14   7.730838E-15   0.2746
 1344.6582   0.2561   2.823055E-14   7.811900E-15   0.2767
 1344.6881   0.2803   2.830909E-14   8.920929E-15   0.3151
 1344.7180   0.2995   2.838782E-14   8.526642E-15   0.3004
 1344.7479   0.3133   2.846673E-14   7.751918E-15   0.2723
 1344.7778   0.3223   2.854580E-14   9.418378E-15   0.3299
 1344.8077   0.3274   2.862502E-14   1.007472E-14   0.3520
 1344.8377   0.3296   2.870465E-14   9.808779E-15   0.3417
 1344.8676   0.3299   2.878413E-14   1.095619E-14   0.3806
 1344.8975   0.3297   2.886371E-14   9.140901E-15   0.3167
 1344.9274   0.3309   2.894339E-14   9.855758E-15   0.3405
 1344.9573   0.3354   2.902315E-14   9.845475E-15   0.3392
 1344.9872   0.3446   2.910297E-14   9.335140E-15   0.3208
 1345.0171   0.3579   2.918285E-14   1.000582E-14   0.3429
 1345.0470   0.3733   2.926276E-14   1.065868E-14   0.3642
 1345.0769   0.3887   2.934269E-14   1.190240E-14   0.4056
 1345.1068   0.4030   2.942263E-14   1.260987E-14   0.4286
 1345.1367   0.4168   2.950256E-14   1.269566E-14   0.4303
 1345.1667   0.4319   2.958275E-14   1.464334E-14   0.4950
 1345.1966   0.4506   2.966263E-14   1.341885E-14   0.4524
 1345.2265   0.4750   2.974246E-14   1.296906E-14   0.4360
 1345.2564   0.5065   2.982223E-14   1.452606E-14   0.4871
 1345.2863   0.5459   2.990192E-14   1.536394E-14   0.5138
 1345.3162   0.5925   2.998152E-14   1.694735E-14   0.5653
 1345.3461   0.6446   3.006102E-14   1.897559E-14   0.6312
 1345.3760   0.6995   3.014040E-14   2.144373E-14   0.7115
 1345.4059   0.7540   3.021964E-14   2.552956E-14   0.8448
 1345.4358   0.8047   3.029874E-14   2.433675E-14   0.8032
 1345.4657   0.8492   3.037767E-14   2.601128E-14   0.8563
 1345.4957   0.8865   3.045670E-14   2.696460E-14   0.8853
 1345.5256   0.9161   3.053527E-14   2.867295E-14   0.9390
 1345.5555   0.9388   3.061363E-14   2.816669E-14   0.9201
 1345.5854   0.9557   3.069178E-14   2.900480E-14   0.9450
 1345.6153   0.9681   3.076970E-14   3.083265E-14   1.0020
 1345.6452   0.9770   3.084737E-14   2.940521E-14   0.9532
 1345.6751   0.9835   3.092477E-14   2.907730E-14   0.9403
 1345.7050   0.9881   3.100191E-14   2.747132E-14   0.8861
 1345.7349   0.9914   3.107875E-14   3.125568E-14   1.0057
 1345.7648   0.9939   3.115530E-14   3.094840E-14   0.9934
 1345.7947   0.9956   3.123152E-14   3.077837E-14   0.9855
 1345.8247   0.9969   3.130767E-14   3.453705E-14   1.1031
 1345.8546   0.9978   3.138322E-14   3.380261E-14   1.0771
 1345.8845   0.9985   3.145841E-14   3.214734E-14   1.0219
 1345.9144   0.9989   3.153322E-14   3.115256E-14   0.9879
 1345.9443   0.9993   3.160765E-14   3.253404E-14   1.0293
 1345.9742   0.9995   3.168167E-14   3.394675E-14   1.0715
 1346.0041   0.9997   3.175528E-14   3.360149E-14   1.0581
 1346.0340   0.9998   3.182846E-14   3.527740E-14   1.1084
 1346.0639   0.9998   3.190120E-14   3.131159E-14   0.9815
 1346.0938   0.9999   3.197347E-14   3.147230E-14   0.9843
 1346.1237   0.9999   3.204528E-14   3.067511E-14   0.9572
 1346.1537   1.0000   3.211683E-14   3.232090E-14   1.0064
 1346.1836   1.0000   3.218765E-14   3.512679E-14   1.0913
 1346.2135   1.0000   3.225795E-14   3.274800E-14   1.0152
 1346.2434   1.0000   3.232772E-14   3.460789E-14   1.0705
 1346.2733   1.0000   3.239695E-14   3.526066E-14   1.0884
 1346.3032   0.9999   3.246561E-14   3.334373E-14   1.0270
 1346.3331   0.9998   3.253371E-14   3.404897E-14   1.0466
 1346.3630   0.9995   3.260123E-14   3.218638E-14   0.9873
 1346.3929   0.9989   3.266814E-14   3.171612E-14   0.9709
 1346.4228   0.9973   3.273444E-14   3.611495E-14   1.1033
 1346.4527   0.9939   3.280011E-14   3.008612E-14   0.9173
 1346.4827   0.9873   3.286535E-14   2.985800E-14   0.9085
 1346.5126   0.9755   3.292972E-14   3.399899E-14   1.0325
 1346.5425   0.9562   3.299342E-14   3.200518E-14   0.9700
 1346.5724   0.9280   3.305644E-14   3.099155E-14   0.9375
 1346.6023   0.8909   3.311875E-14   3.007119E-14   0.9080
 1346.6322   0.8476   3.318035E-14   2.725995E-14   0.8216
 1346.6621   0.8032   3.324123E-14   2.664894E-14   0.8017
 1346.6920   0.7641   3.330136E-14   2.487922E-14   0.7471
 1346.7219   0.7364   3.336074E-14   2.378267E-14   0.7129
 1346.7518   0.7246   3.341935E-14   2.205563E-14   0.6600
 1346.7817   0.7302   3.347718E-14   2.292889E-14   0.6849
 1346.8117   0.7524   3.353440E-14   2.546667E-14   0.7594
 1346.8416   0.7871   3.359061E-14   2.947199E-14   0.8774
 1346.8715   0.8287   3.364600E-14   2.734035E-14   0.8126
 1346.9014   0.8704   3.370054E-14   2.979094E-14   0.8840
 1346.9313   0.9066   3.375424E-14   2.780201E-14   0.8237
 1346.9612   0.9337   3.380706E-14   2.847488E-14   0.8423
 1346.9911   0.9510   3.385900E-14   2.837006E-14   0.8379
 1347.0210   0.9596   3.391004E-14   3.098586E-14   0.9138
 1347.0509   0.9614   3.396018E-14   3.024713E-14   0.8907
 1347.0808   0.9585   3.400939E-14   3.097860E-14   0.9109
 1347.1107   0.9524   3.405766E-14   2.880926E-14   0.8459
 1347.1407   0.9438   3.410513E-14   2.938412E-14   0.8616
 1347.1706   0.9334   3.415147E-14   3.060952E-14   0.8963
 1347.2005   0.9213   3.419684E-14   2.955242E-14   0.8642
 1347.2304   0.9075   3.424121E-14   2.970510E-14   0.8675
 1347.2603   0.8921   3.428456E-14   2.943955E-14   0.8587
 1347.2902   0.8750   3.432690E-14   3.040846E-14   0.8858
 1347.3201   0.8562   3.436819E-14   2.995102E-14   0.8715
 1347.3500   0.8359   3.440844E-14   3.028465E-14   0.8802
 1347.3799   0.8141   3.444761E-14   3.133741E-14   0.9097
 1347.4098   0.7911   3.448571E-14   2.970728E-14   0.8614
 1347.4397   0.7669   3.452271E-14   2.621175E-14   0.7593
 1347.4697   0.7418   3.455872E-14   2.668088E-14   0.7720
 1347.4996   0.7161   3.459349E-14   2.573697E-14   0.7440
 1347.5295   0.6901   3.462716E-14   2.680571E-14   0.7741
 1347.5594   0.6641   3.465975E-14   2.455863E-14   0.7086
 1347.5893   0.6384   3.469128E-14   2.216112E-14   0.6388
 1347.6192   0.6133   3.472177E-14   2.017454E-14   0.5810
 1347.6491   0.5891   3.475124E-14   2.267367E-14   0.6525
 1347.6790   0.5659   3.477972E-14   2.114106E-14   0.6079
 1347.7089   0.5441   3.480722E-14   1.861885E-14   0.5349
 1347.7388   0.5238   3.483377E-14   1.893106E-14   0.5435
 1347.7687   0.5051   3.485938E-14   1.489325E-14   0.4272
 1347.7987   0.4882   3.488416E-14   1.537155E-14   0.4406
 1347.8286   0.4731   3.490797E-14   1.414363E-14   0.4052
 1347.8585   0.4599   3.493090E-14   1.470357E-14   0.4209
 1347.8884   0.4485   3.495299E-14   1.438943E-14   0.4117
 1347.9183   0.4390   3.497425E-14   1.191713E-14   0.3407
 1347.9482   0.4313   3.499470E-14   1.119659E-14   0.3200
 1347.9781   0.4254   3.501437E-14   1.291801E-14   0.3689
 1348.0080   0.4212   3.503327E-14   1.473765E-14   0.4207
 1348.0379   0.4186   3.505143E-14   1.662444E-14   0.4743
 1348.0678   0.4175   3.506887E-14   1.439112E-14   0.4104
 1348.0977   0.4178   3.508561E-14   1.560411E-14   0.4447
 1348.1277   0.4194   3.510171E-14   1.740091E-14   0.4957
 1348.1576   0.4219   3.511711E-14   1.680127E-14   0.4784
 1348.1875   0.4251   3.513186E-14   1.719221E-14   0.4894
 1348.2174   0.4285   3.514600E-14   1.348588E-14   0.3837
 1348.2473   0.4313   3.515955E-14   1.392844E-14   0.3961
 1348.2772   0.4323   3.517252E-14   1.319509E-14   0.3752
 1348.3071   0.4303   3.518493E-14   1.565093E-14   0.4448
 1348.3370   0.4239   3.519682E-14   1.502029E-14   0.4268
 1348.3669   0.4128   3.520819E-14   1.446482E-14   0.4108
 1348.3968   0.3982   3.521907E-14   1.425966E-14   0.4049
 1348.4267   0.3833   3.522948E-14   1.314313E-14   0.3731
 1348.4567   0.3717   3.523948E-14   1.258074E-14   0.3570
 1348.4866   0.3657   3.524901E-14   1.222319E-14   0.3468
 1348.5165   0.3655   3.525814E-14   1.151683E-14   0.3266
 1348.5464   0.3695   3.526689E-14   1.241801E-14   0.3521
 1348.5763   0.3763   3.527527E-14   1.501665E-14   0.4257
 1348.6062   0.3845   3.528331E-14   1.439968E-14   0.4081
 1348.6361   0.3935   3.529103E-14   1.317777E-14   0.3734
 1348.6660   0.4029   3.529844E-14   1.403046E-14   0.3975
 1348.6959   0.4126   3.530558E-14   1.260823E-14   0.3571
 1348.7258   0.4226   3.531246E-14   1.648795E-14   0.4669
 1348.7557   0.4333   3.531910E-14   1.332933E-14   0.3774
 1348.7857   0.4461   3.532555E-14   1.669067E-14   0.4725
 1348.8156   0.4628   3.533178E-14   1.742283E-14   0.4931
 1348.8455   0.4859   3.533783E-14   1.596260E-14   0.4517
 1348.8754   0.5167   3.534374E-14   1.751337E-14   0.4955
 1348.9053   0.5534   3.534951E-14   1.873772E-14   0.5301
 1348.9352   0.5914   3.535517E-14   1.881660E-14   0.5322
 1348.9651   0.6256   3.536074E-14   2.145436E-14   0.6067
 1348.9950   0.6530   3.536624E-14   2.405063E-14   0.6800
 1349.0249   0.6728   3.537170E-14   2.764907E-14   0.7817
 1349.0548   0.6863   3.537713E-14   2.209715E-14   0.6246
 1349.0847   0.6954   3.538255E-14   2.459837E-14   0.6952
 1349.1147   0.7017   3.538801E-14   2.402914E-14   0.6790
 1349.1446   0.7063   3.539349E-14   2.354784E-14   0.6653
 1349.1745   0.7102   3.539903E-14   2.338111E-14   0.6605
 1349.2044   0.7139   3.540464E-14   2.541338E-14   0.7178
 1349.2343   0.7177   3.541036E-14   2.649014E-14   0.7481
 1349.2642   0.7221   3.541620E-14   2.568964E-14   0.7254
 1349.2941   0.7272   3.542217E-14   2.527040E-14   0.7134
 1349.3240   0.7333   3.542832E-14   2.401260E-14   0.6778
 1349.3539   0.7408   3.543465E-14   2.418248E-14   0.6825
 1349.3838   0.7498   3.544118E-14   2.612941E-14   0.7373
 1349.4137   0.7605   3.544794E-14   2.854822E-14   0.8054
 1349.4437   0.7729   3.545497E-14   2.953654E-14   0.8331
 1349.4736   0.7871   3.546225E-14   3.083995E-14   0.8697
 1349.5035   0.8027   3.546982E-14   3.009694E-14   0.8485
 1349.5334   0.8196   3.547770E-14   3.123666E-14   0.8805
 1349.5633   0.8373   3.548591E-14   3.039353E-14   0.8565
 1349.5932   0.8553   3.549448E-14   2.766299E-14   0.7794
 1349.6231   0.8732   3.550342E-14   2.734401E-14   0.7702
 1349.6530   0.8905   3.551276E-14   2.832607E-14   0.7976
 1349.6829   0.9068   3.552251E-14   3.084444E-14   0.8683
 1349.7128   0.9217   3.553270E-14   3.373313E-14   0.9494
 1349.7427   0.9352   3.554335E-14   3.496778E-14   0.9838
 1349.7727   0.9471   3.555452E-14   3.550577E-14   0.9986
 1349.8026   0.9574   3.556615E-14   3.479461E-14   0.9783
 1349.8325   0.9660   3.557831E-14   3.473703E-14   0.9764
 1349.8624   0.9733   3.559101E-14   3.524433E-14   0.9903
 1349.8923   0.9792   3.560427E-14   3.119941E-14   0.8763
 1349.9222   0.9840   3.561812E-14   3.321403E-14   0.9325
 1349.9521   0.9878   3.563257E-14   3.683252E-14   1.0337
 1349.9820   0.9908   3.564765E-14   3.427644E-14   0.9615
 1350.0119   0.9931   3.566339E-14   3.818702E-14   1.0708
 1350.0418   0.9949   3.567979E-14   3.367812E-14   0.9439
 1350.0717   0.9963   3.569688E-14   3.648973E-14   1.0222
 1350.1017   0.9973   3.571475E-14   3.338241E-14   0.9347
 1350.1316   0.9981   3.573329E-14   3.285474E-14   0.9194
 1350.1615   0.9986   3.575258E-14   3.695221E-14   1.0336
 1350.1914   0.9990   3.577265E-14   3.528348E-14   0.9863
 1350.2213   0.9993   3.579352E-14   3.405182E-14   0.9513
 1350.2512   0.9995   3.581520E-14   3.790741E-14   1.0584
 1350.2811   0.9997   3.583772E-14   3.348305E-14   0.9343
 1350.3110   0.9998   3.586111E-14   3.676377E-14   1.0252
 1350.3409   0.9998   3.588537E-14   3.886842E-14   1.0831
 1350.3708   0.9999   3.591053E-14   3.495367E-14   0.9734
 1350.4007   0.9999   3.593662E-14   3.349406E-14   0.9320
 1350.4307   1.0000   3.596375E-14   3.675361E-14   1.0220
 1350.4606   1.0000   3.599175E-14   3.992423E-14   1.1093
 1350.4905   1.0000   3.602073E-14   3.647322E-14   1.0126
 1350.5204   1.0000   3.605073E-14   3.598691E-14   0.9982
 1350.5503   1.0000   3.608175E-14   3.588648E-14   0.9946
 1350.5802   1.0000   3.611382E-14   3.621367E-14   1.0028
 1350.6101   1.0000   3.614697E-14   3.431601E-14   0.9493
 1350.6400   1.0000   3.618120E-14   3.516620E-14   0.9719
 1350.6699   1.0000   3.621655E-14   3.695338E-14   1.0203
 1350.6998   1.0000   3.625303E-14   3.842293E-14   1.0599
 1350.7297   1.0000   3.629067E-14   3.841770E-14   1.0586
 1350.7597   1.0000   3.632962E-14   3.358784E-14   0.9245
 1350.7896   1.0000   3.636963E-14   3.905534E-14   1.0738
 1350.8195   1.0000   3.641086E-14   3.610202E-14   0.9915
 1350.8494   1.0000   3.645334E-14   3.925892E-14   1.0770
 1350.8793   1.0000   3.649707E-14   3.396917E-14   0.9307
 1350.9092   1.0000   3.654208E-14   3.280624E-14   0.8978
 1350.9391   1.0000   3.658840E-14   3.690526E-14   1.0087
 1350.9690   1.0000   3.663604E-14   3.410399E-14   0.9309
 1350.9989   1.0000   3.796350E-14   3.676663E-14   0.9685
