   1   403
 1.0000000
 1.0000000
 1.0000000
 1.0000000
 1.0000000
 1.0000000
 1.0000000
 1.0000000
 1.0000000
 1.0000000
 1.0000000
 1.0000000
 1.0000000
 1.0000000
 1.0000000
 1.0000000
 1.0000000
 1.0000000
 1.0000000
 1.0000000
 0.9999999
 0.9999998
 0.9999995
 0.9999988
 0.9999973
 0.9999938
 0.9999865
 0.9999711
 0.9999397
 0.9998777
 0.9997585
 0.9995356
 0.9991305
 0.9984150
 0.9971873
 0.9951414
 0.9918325
 0.9866429
 0.9787579
 0.9671209
 0.9506455
 0.9280974
 0.8984145
 0.8609168
 0.8155679
 0.7631798
 0.7054769
 0.6449609
 0.5845853
 0.5273242
 0.4756073
 0.4317294
 0.3967416
 0.3712739
 0.3555517
 0.3496046
 0.3534205
 0.3670088
 0.3903592
 0.4233058
 0.4653254
 0.5155080
 0.5717256
 0.6316675
 0.6924124
 0.7509644
 0.8046899
 0.8516761
 0.8909109
 0.9222597
 0.9462833
 0.9639829
 0.9765482
 0.9851842
 0.9908855
 0.9945455
 0.9968236
 0.9981995
 0.9990065
 0.9994662
 0.9997208
 0.9998578
 0.9999295
 0.9999659
 0.9999840
 0.9999927
 0.9999967
 0.9999986
 0.9999994
 0.9999998
 0.9999999
 1.0000000
 1.0000000
 1.0000000
 1.0000000
 1.0000000
 1.0000000
 1.0000000
 1.0000000
 1.0000000
 1.0000000
 1.0000000
 1.0000000
 1.0000000
 1.0000000
 1.0000000
 1.0000000
 1.0000000
 1.0000000
 1.0000000
 1.0000000
 1.0000000
 1.0000000
 1.0000000
 1.0000000
 1.0000000
 1.0000000
 1.0000000
 1.0000000
 1.0000000
 1.0000000
 1.0000000
 1.0000000
 1.0000000
 1.0000000
 1.0000000
 1.0000000
 1.0000000
 1.0000000
 1.0000000
 1.0000000
 1.0000000
 1.0000000
 1.0000000
 1.0000000
 1.0000000
 1.0000000
 1.0000000
 1.0000000
 1.0000000
 1.0000000
 1.0000000
 1.0000000
 1.0000000
 1.0000000
 1.0000000
 1.0000000
 1.0000000
 1.0000000
 1.0000000
 1.0000000
 1.0000000
 1.0000000
 1.0000000
 1.0000000
 1.0000000
 1.0000000
 1.0000000
 1.0000000
 1.0000000
 1.0000000
 1.0000000
 1.0000000
 1.0000000
 1.0000000
 1.0000000
 1.0000000
 1.0000000
 1.0000000
 1.0000000
 1.0000000
 1.0000000
 1.0000000
 1.0000000
 1.0000000
 1.0000000
 1.0000000
 1.0000000
 1.0000000
 1.0000000
 1.0000000
 1.0000000
 1.0000000
 1.0000000
 1.0000000
 1.0000000
 1.0000000
 1.0000000
 1.0000000
 1.0000000
 1.0000000
 1.0000000
 1.0000000
 1.0000000
 1.0000000
 1.0000000
 1.0000000
 1.0000000
 1.0000000
 1.0000000
 1.0000000
 1.0000000
 1.0000000
 1.0000000
 1.0000000
 1.0000000
 1.0000000
 1.0000000
 1.0000000
 1.0000000
 1.0000000
 1.0000000
 1.0000000
 1.0000000
 1.0000000
 1.0000000
 1.0000000
 1.0000000
 1.0000000
 1.0000000
 1.0000000
 1.0000000
 1.0000000
 1.0000000
 1.0000000
 1.0000000
 1.0000000
 1.0000000
 1.0000000
 1.0000000
 1.0000000
 1.0000000
 0.9999999
 0.9999998
 0.9999996
 0.9999991
 0.9999979
 0.9999953
 0.9999898
 0.9999785
 0.9999560
 0.9999123
 0.9998299
 0.9996785
 0.9994081
 0.9989387
 0.9981468
 0.9968487
 0.9947821
 0.9915762
 0.9867856
 0.9798305
 0.9700568
 0.9567800
 0.9393707
 0.9173696
 0.8906166
 0.8593666
 0.8243587
 0.7868093
 0.7481923
 0.7105963
 0.6757478
 0.6453503
 0.6208265
 0.6032536
 0.5933528
 0.5915088
 0.5977916
 0.6119609
 0.6334507
 0.6614488
 0.6944940
 0.7310798
 0.7693998
 0.8075906
 0.8439256
 0.8769977
 0.9058457
 0.9300002
 0.9494457
 0.9645221
 0.9758294
 0.9839665
 0.9896530
 0.9935020
 0.9960276
 0.9976357
 0.9986297
 0.9992266
 0.9995748
 0.9997723
 0.9998813
 0.9999398
 0.9999702
 0.9999857
 0.9999933
 0.9999969
 0.9999986
 0.9999994
 0.9999997
 0.9999999
 1.0000000
 1.0000000
 1.0000000
 1.0000000
 1.0000000
 1.0000000
 1.0000000
 1.0000000
 1.0000000
 1.0000000
 1.0000000
 1.0000000
 1.0000000
 1.0000000
 1.0000000
 1.0000000
 1.0000000
 1.0000000
 1.0000000
 1.0000000
 1.0000000
 1.0000000
 1.0000000
 1.0000000
 1.0000000
 1.0000000
 1.0000000
 1.0000000
 1.0000000
 1.0000000
 1.0000000
 1.0000000
 1.0000000
 1.0000000
 1.0000000
 1.0000000
 1.0000000
 1.0000000
 1.0000000
 1.0000000
 1.0000000
 1.0000000
 1.0000000
 1.0000000
 1.0000000
 1.0000000
 1.0000000
 1.0000000
 1.0000000
 1.0000000
 1.0000000
 1.0000000
 1.0000000
 1.0000000
 1.0000000
 1.0000000
 1.0000000
 1.0000000
 1.0000000
 1.0000000
 1.0000000
 1.0000000
 1.0000000
 1.0000000
 1.0000000
 1.0000000
 1.0000000
 1.0000000
 1.0000000
 1.0000000
 1.0000000
 1.0000000
 1.0000000
 1.0000000
 1.0000000
 1.0000000
 1.0000000
 1.0000000
 1.0000000
 1.0000000
 1.0000000
 1.0000000
 1.0000000
 1.0000000
 1.0000000
 1.0000000
 1.0000000
 1.0000000
 1.0000000
 1.0000000
 1.0000000
 1.0000000
 1.0000000
 1.0000000
 1.0000000
 1.0000000
 1.0000000
 1.0000000
 1.0000000
 1.0000000
 1.0000000
