 1143.9736   1.0000   1.510935E-14   1.023014E-14   0.6771
 1144.0035   1.0000   1.508045E-14   1.225149E-14   0.8124
 1144.0334   1.0000   1.505493E-14   1.202504E-14   0.7987
 1144.0633   1.0000   1.503277E-14   1.681945E-14   1.1189
 1144.0932   1.0000   1.501394E-14   1.451088E-14   0.9665
 1144.1231   1.0000   1.499842E-14   1.556463E-14   1.0378
 1144.1531   1.0000   1.498616E-14   1.232819E-14   0.8226
 1144.1830   1.0000   1.497721E-14   1.003202E-14   0.6698
 1144.2129   1.0000   1.497150E-14   1.049959E-14   0.7013
 1144.2428   1.0000   1.496902E-14   2.433321E-14   1.6256
 1144.2727   1.0000   1.496973E-14   1.817105E-14   1.2139
 1144.3026   1.0000   1.497362E-14   1.445580E-14   0.9654
 1144.3325   1.0000   1.498066E-14   1.491218E-14   0.9954
 1144.3624   1.0000   1.499084E-14   1.827111E-14   1.2188
 1144.3923   1.0000   1.500412E-14   1.307388E-14   0.8714
 1144.4222   1.0000   1.502049E-14   1.344838E-14   0.8953
 1144.4521   1.0000   1.503992E-14   1.702437E-14   1.1319
 1144.4821   1.0000   1.506247E-14   1.690367E-14   1.1222
 1144.5120   1.0000   1.508797E-14   1.962425E-14   1.3007
 1144.5419   1.0000   1.511647E-14   1.104147E-14   0.7304
 1144.5718   1.0000   1.514794E-14   1.591920E-14   1.0509
 1144.6017   1.0000   1.518236E-14   1.413523E-14   0.9310
 1144.6316   1.0000   1.521970E-14   9.690232E-15   0.6367
 1144.6615   1.0000   1.525995E-14   7.462404E-15   0.4890
 1144.6914   1.0000   1.530308E-14   1.098901E-14   0.7181
 1144.7213   1.0000   1.534908E-14   2.607472E-15   0.1699
 1144.7512   1.0000   1.539791E-14   2.580178E-15   0.1676
 1144.7811   1.0000   1.544955E-14   2.638185E-15   0.1708
 1144.8111   0.9999   1.550417E-14   1.645891E-15   0.1062
 1144.8410   0.9999   1.556139E-14   9.381919E-16   0.0603
 1144.8709   0.9998   1.562135E-14   2.120832E-15   0.1358
 1144.9008   0.9995   1.568403E-14   3.362401E-15   0.2144
 1144.9307   0.9991   1.574942E-14   3.227904E-15   0.2050
 1144.9606   0.9984   1.581748E-14   4.659472E-15   0.2946
 1144.9905   0.9972   1.588820E-14   2.622466E-15   0.1651
 1145.0204   0.9951   1.596155E-14   6.830213E-15   0.4279
 1145.0503   0.9918   1.603752E-14   7.103175E-15   0.4429
 1145.0802   0.9866   1.611607E-14   7.034953E-15   0.4365
 1145.1101   0.9788   1.619719E-14   9.448308E-15   0.5833
 1145.1401   0.9671   1.628113E-14   9.946721E-15   0.6109
 1145.1700   0.9506   1.636732E-14   1.401678E-14   0.8564
 1145.1999   0.9281   1.645601E-14   1.313078E-14   0.7979
 1145.2298   0.8984   1.654717E-14   1.708949E-14   1.0328
 1145.2597   0.8609   1.664079E-14   1.487503E-14   0.8939
 1145.2896   0.8156   1.673683E-14   1.266972E-14   0.7570
 1145.3195   0.7632   1.683528E-14   1.575353E-14   0.9357
 1145.3494   0.7055   1.693612E-14   1.398056E-14   0.8255
 1145.3793   0.6450   1.703932E-14   1.661539E-14   0.9751
 1145.4092   0.5846   1.714486E-14   1.045084E-14   0.6096
 1145.4391   0.5273   1.725271E-14   9.130706E-15   0.5292
 1145.4691   0.4756   1.736323E-14   7.819446E-15   0.4503
 1145.4990   0.4317   1.747566E-14   6.066119E-15   0.3471
 1145.5289   0.3967   1.759034E-14   5.626452E-15   0.3199
 1145.5588   0.3713   1.770724E-14   3.876347E-15   0.2189
 1145.5887   0.3556   1.782635E-14   3.442387E-15   0.1931
 1145.6186   0.3496   1.794764E-14   3.436579E-15   0.1915
 1145.6485   0.3534   1.807109E-14   7.814178E-15   0.4324
 1145.6784   0.3670   1.819667E-14   6.485506E-15   0.3564
 1145.7083   0.3904   1.832436E-14   9.989041E-15   0.5451
 1145.7382   0.4233   1.845415E-14   1.479629E-14   0.8018
 1145.7681   0.4653   1.858600E-14   9.100563E-15   0.4896
 1145.7981   0.5155   1.872036E-14   1.129398E-14   0.6033
 1145.8280   0.5717   1.885629E-14   1.608454E-14   0.8530
 1145.8579   0.6317   1.899422E-14   8.204068E-15   0.4319
 1145.8878   0.6924   1.913412E-14   1.082442E-14   0.5657
 1145.9177   0.7510   1.927598E-14   1.039887E-14   0.5395
 1145.9476   0.8047   1.941978E-14   1.344080E-14   0.6921
 1145.9775   0.8517   1.956548E-14   1.912344E-14   0.9774
 1146.0074   0.8909   1.971307E-14   7.361841E-15   0.3734
 1146.0373   0.9223   1.986252E-14   1.781549E-14   0.8969
 1146.0672   0.9463   2.001376E-14   1.518033E-14   0.7585
 1146.0971   0.9640   2.016672E-14   1.474376E-14   0.7311
 1146.1270   0.9765   2.032133E-14   1.602669E-14   0.7887
 1146.1570   0.9852   2.047803E-14   1.863861E-14   0.9102
 1146.1869   0.9909   2.063572E-14   1.514351E-14   0.7338
 1146.2168   0.9945   2.079484E-14   1.731424E-14   0.8326
 1146.2467   0.9968   2.095532E-14   1.643076E-14   0.7841
 1146.2766   0.9982   2.111708E-14   1.817116E-14   0.8605
 1146.3065   0.9990   2.128006E-14   2.336451E-14   1.0980
 1146.3364   0.9995   2.144417E-14   2.508536E-14   1.1698
 1146.3663   0.9997   2.160936E-14   1.985014E-14   0.9186
 1146.3962   0.9999   2.177554E-14   2.156985E-14   0.9906
 1146.4261   0.9999   2.194264E-14   2.677319E-14   1.2201
 1146.4560   1.0000   2.211060E-14   2.549272E-14   1.1530
 1146.4860   1.0000   2.227990E-14   2.892662E-14   1.2983
 1146.5159   1.0000   2.244934E-14   1.764642E-14   0.7861
 1146.5458   1.0000   2.261941E-14   2.676516E-14   1.1833
 1146.5757   1.0000   2.279005E-14   2.674896E-14   1.1737
 1146.6056   1.0000   2.296118E-14   2.501030E-14   1.0892
 1146.6355   1.0000   2.313272E-14   2.456406E-14   1.0619
 1146.6654   1.0000   2.330461E-14   2.194537E-14   0.9417
 1146.6953   1.0000   2.347676E-14   1.716217E-14   0.7310
 1146.7252   1.0000   2.364912E-14   1.975915E-14   0.8355
 1146.7551   1.0000   2.382161E-14   2.927061E-14   1.2287
 1146.7850   1.0000   2.399415E-14   2.925306E-14   1.2192
 1146.8150   1.0000   2.416725E-14   2.494195E-14   1.0321
 1146.8449   1.0000   2.433968E-14   2.406511E-14   0.9887
 1146.8748   1.0000   2.451195E-14   2.883675E-14   1.1764
 1146.9047   1.0000   2.468398E-14   2.792590E-14   1.1313
 1146.9346   1.0000   2.485571E-14   2.706340E-14   1.0888
 1146.9645   1.0000   2.502706E-14   2.750518E-14   1.0990
 1146.9944   1.0000   2.519795E-14   2.532976E-14   1.0052
 1147.0243   1.0000   2.536832E-14   2.832743E-14   1.1166
 1147.0542   1.0000   2.553810E-14   2.790980E-14   1.0929
 1147.0841   1.0000   2.570720E-14   2.487131E-14   0.9675
 1147.1140   1.0000   2.587557E-14   2.445292E-14   0.9450
 1147.1440   1.0000   2.604367E-14   2.270931E-14   0.8720
 1147.1739   1.0000   2.621033E-14   2.226200E-14   0.8494
 1147.2038   1.0000   2.637603E-14   2.355191E-14   0.8929
 1147.2337   1.0000   2.654070E-14   2.268239E-14   0.8546
 1147.2636   1.0000   2.670427E-14   2.611706E-14   0.9780
 1147.2935   1.0000   2.686666E-14   2.610870E-14   0.9718
 1147.3234   1.0000   2.702780E-14   2.954785E-14   1.0932
 1147.3533   1.0000   2.718762E-14   2.394937E-14   0.8809
 1147.3832   1.0000   2.734605E-14   2.824342E-14   1.0328
 1147.4131   1.0000   2.750301E-14   3.467515E-14   1.2608
 1147.4430   1.0000   2.765843E-14   2.779855E-14   1.0051
 1147.4730   1.0000   2.781276E-14   2.521187E-14   0.9065
 1147.5029   1.0000   2.796488E-14   2.650828E-14   0.9479
 1147.5328   1.0000   2.811525E-14   2.647560E-14   0.9417
 1147.5627   1.0000   2.826379E-14   2.774374E-14   0.9816
 1147.5926   1.0000   2.841043E-14   2.602475E-14   0.9160
 1147.6225   1.0000   2.855510E-14   3.204001E-14   1.1220
 1147.6524   1.0000   2.869773E-14   2.860359E-14   0.9967
 1147.6823   1.0000   2.883824E-14   2.816953E-14   0.9768
 1147.7122   1.0000   2.897655E-14   3.028676E-14   1.0452
 1147.7421   1.0000   2.911261E-14   2.859103E-14   0.9821
 1147.7720   1.0000   2.924633E-14   2.385937E-14   0.8158
 1147.8020   1.0000   2.937808E-14   2.599050E-14   0.8847
 1147.8319   1.0000   2.950691E-14   2.897333E-14   0.9819
 1147.8618   1.0000   2.963318E-14   3.025147E-14   1.0209
 1147.8917   1.0000   2.975684E-14   3.322025E-14   1.1164
 1147.9216   1.0000   2.987779E-14   2.981261E-14   0.9978
 1147.9515   1.0000   2.999598E-14   2.466743E-14   0.8224
 1147.9814   1.0000   3.011132E-14   2.635582E-14   0.8753
 1148.0113   1.0000   3.022375E-14   2.851736E-14   0.9435
 1148.0412   1.0000   3.033320E-14   2.293924E-14   0.7562
 1148.0711   1.0000   3.043959E-14   3.701950E-14   1.2162
 1148.1010   1.0000   3.054285E-14   2.889083E-14   0.9459
 1148.1310   1.0000   3.064323E-14   3.273277E-14   1.0682
 1148.1609   1.0000   3.074000E-14   3.016573E-14   0.9813
 1148.1908   1.0000   3.083342E-14   2.760727E-14   0.8954
 1148.2207   1.0000   3.092342E-14   2.975280E-14   0.9621
 1148.2506   1.0000   3.100992E-14   3.144718E-14   1.0141
 1148.2805   1.0000   3.109286E-14   2.675480E-14   0.8605
 1148.3104   1.0000   3.117217E-14   3.097390E-14   0.9936
 1148.3403   1.0000   3.124776E-14   3.056258E-14   0.9781
 1148.3702   1.0000   3.131960E-14   3.820525E-14   1.2199
 1148.4001   1.0000   3.138771E-14   3.309059E-14   1.0543
 1148.4300   1.0000   3.145215E-14   2.796635E-14   0.8892
 1148.4600   1.0000   3.151319E-14   3.308019E-14   1.0497
 1148.4899   1.0000   3.157047E-14   3.390391E-14   1.0739
 1148.5198   1.0000   3.162426E-14   3.688379E-14   1.1663
 1148.5497   1.0000   3.167462E-14   3.219171E-14   1.0163
 1148.5796   1.0000   3.172160E-14   2.879258E-14   0.9077
 1148.6095   1.0000   3.176528E-14   2.708758E-14   0.8527
 1148.6394   1.0000   3.180570E-14   3.005157E-14   0.9448
 1148.6693   1.0000   3.184293E-14   3.429061E-14   1.0769
 1148.6992   1.0000   3.187702E-14   2.832506E-14   0.8886
 1148.7291   1.0000   3.190803E-14   2.706490E-14   0.8482
 1148.7590   1.0000   3.193602E-14   3.762419E-14   1.1781
 1148.7890   1.0000   3.196114E-14   3.041838E-14   0.9517
 1148.8189   1.0000   3.198326E-14   2.912998E-14   0.9108
 1148.8488   1.0000   3.200253E-14   2.999963E-14   0.9374
 1148.8787   1.0000   3.201903E-14   2.405898E-14   0.7514
 1148.9086   1.0000   3.203279E-14   3.631813E-14   1.1338
 1148.9385   1.0000   3.204389E-14   2.913879E-14   0.9093
 1148.9684   1.0000   3.205239E-14   3.587797E-14   1.1194
 1148.9983   1.0000   3.205833E-14   3.459358E-14   1.0791
 1149.0282   1.0000   3.206178E-14   2.741284E-14   0.8550
 1149.0581   1.0000   3.206280E-14   2.824979E-14   0.8811
 1149.0880   1.0000   3.206144E-14   2.397543E-14   0.7478
 1149.1180   1.0000   3.205776E-14   2.988030E-14   0.9321
 1149.1479   1.0000   3.205182E-14   3.366981E-14   1.0505
 1149.1778   1.0000   3.204369E-14   3.148846E-14   0.9827
 1149.2077   1.0000   3.203342E-14   3.336524E-14   1.0416
 1149.2376   1.0000   3.202107E-14   2.993274E-14   0.9348
 1149.2675   1.0000   3.200670E-14   2.947783E-14   0.9210
 1149.2974   1.0000   3.199037E-14   2.980522E-14   0.9317
 1149.3273   1.0000   3.197213E-14   2.854684E-14   0.8929
 1149.3572   1.0000   3.195205E-14   2.399833E-14   0.7511
 1149.3871   1.0000   3.193018E-14   2.804005E-14   0.8782
 1149.4170   1.0000   3.190658E-14   2.758017E-14   0.8644
 1149.4470   1.0000   3.188123E-14   2.865832E-14   0.8989
 1149.4769   1.0000   3.185434E-14   3.092719E-14   0.9709
 1149.5068   1.0000   3.182591E-14   2.852739E-14   0.8964
 1149.5367   1.0000   3.179598E-14   2.300730E-14   0.7236
 1149.5666   1.0000   3.176462E-14   2.896705E-14   0.9119
 1149.5965   1.0000   3.173188E-14   2.507266E-14   0.7901
 1149.6264   1.0000   3.169783E-14   2.079144E-14   0.6559
 1149.6563   1.0000   3.166251E-14   1.878171E-14   0.5932
 1149.6862   1.0000   3.162600E-14   2.634068E-14   0.8329
 1149.7161   1.0000   3.158835E-14   2.635063E-14   0.8342
 1149.7460   1.0000   3.154961E-14   2.466917E-14   0.7819
 1149.7760   1.0000   3.150972E-14   3.053306E-14   0.9690
 1149.8059   1.0000   3.146899E-14   3.388639E-14   1.0768
 1149.8358   1.0000   3.142736E-14   2.757210E-14   0.8773
 1149.8657   1.0000   3.138487E-14   3.049970E-14   0.9718
 1149.8956   1.0000   3.134161E-14   3.005737E-14   0.9590
 1149.9255   1.0000   3.129761E-14   3.174765E-14   1.0144
 1149.9554   1.0000   3.125293E-14   3.044596E-14   0.9742
 1149.9853   1.0000   3.120765E-14   3.674334E-14   1.1774
 1150.0152   1.0000   3.116181E-14   2.834863E-14   0.9097
 1150.0451   1.0000   3.111548E-14   2.790772E-14   0.8969
 1150.0750   1.0000   3.106871E-14   3.335843E-14   1.0737
 1150.1050   1.0000   3.102141E-14   3.709972E-14   1.1959
 1150.1349   1.0000   3.097394E-14   2.872909E-14   0.9275
 1150.1648   1.0000   3.092621E-14   3.165352E-14   1.0235
 1150.1947   1.0000   3.087828E-14   3.291289E-14   1.0659
 1150.2246   1.0000   3.083021E-14   3.374458E-14   1.0945
 1150.2545   1.0000   3.078205E-14   2.409482E-14   0.7828
 1150.2844   1.0000   3.073387E-14   2.575187E-14   0.8379
 1150.3143   1.0000   3.068572E-14   3.036051E-14   0.9894
 1150.3442   1.0000   3.063766E-14   2.951404E-14   0.9633
 1150.3741   1.0000   3.058976E-14   2.282572E-14   0.7462
 1150.4040   1.0000   3.054206E-14   3.575159E-14   1.1706
 1150.4340   1.0000   3.049447E-14   3.031610E-14   0.9942
 1150.4639   1.0000   3.044737E-14   3.157005E-14   1.0369
 1150.4938   1.0000   3.040065E-14   2.571350E-14   0.8458
 1150.5237   1.0000   3.035438E-14   2.861512E-14   0.9427
 1150.5536   1.0000   3.030860E-14   3.237236E-14   1.0681
 1150.5835   1.0000   3.026340E-14   3.237817E-14   1.0699
 1150.6134   1.0000   3.021881E-14   3.069473E-14   1.0157
 1150.6433   1.0000   3.017490E-14   3.025755E-14   1.0027
 1150.6732   1.0000   3.013172E-14   2.734461E-14   0.9075
 1150.7031   1.0000   3.008934E-14   3.108256E-14   1.0330
 1150.7330   1.0000   3.004775E-14   3.355490E-14   1.1167
 1150.7630   1.0000   3.000683E-14   3.768323E-14   1.2558
 1150.7929   1.0000   2.996686E-14   3.760587E-14   1.2549
 1150.8228   1.0000   2.992769E-14   3.177922E-14   1.0619
 1150.8527   1.0000   2.988934E-14   3.457498E-14   1.1568
 1150.8826   1.0000   2.985181E-14   3.650093E-14   1.2227
 1150.9125   1.0000   2.981510E-14   3.349643E-14   1.1235
 1150.9424   1.0000   2.977921E-14   3.331959E-14   1.1189
 1150.9723   1.0000   2.974415E-14   3.166955E-14   1.0647
 1151.0022   1.0000   2.970992E-14   2.607633E-14   0.8777
 1151.0321   1.0000   2.967653E-14   2.610998E-14   0.8798
 1151.0620   1.0000   2.964398E-14   3.771320E-14   1.2722
 1151.0920   1.0000   2.961216E-14   3.058765E-14   1.0329
 1151.1219   1.0000   2.958130E-14   2.959294E-14   1.0004
 1151.1518   1.0000   2.955128E-14   3.203628E-14   1.0841
 1151.1817   0.9999   2.952212E-14   3.600279E-14   1.2195
 1151.2116   0.9998   2.949381E-14   3.261513E-14   1.1058
 1151.2415   0.9997   2.946636E-14   2.720918E-14   0.9234
 1151.2714   0.9994   2.943978E-14   2.854183E-14   0.9695
 1151.3013   0.9989   2.941406E-14   2.552629E-14   0.8678
 1151.3312   0.9981   2.938922E-14   2.612551E-14   0.8889
 1151.3611   0.9968   2.936524E-14   3.098923E-14   1.0553
 1151.3910   0.9948   2.934215E-14   3.023858E-14   1.0306
 1151.4210   0.9916   2.931986E-14   3.362508E-14   1.1468
 1151.4509   0.9868   2.929853E-14   3.065258E-14   1.0462
 1151.4808   0.9798   2.927809E-14   3.178073E-14   1.0855
 1151.5107   0.9701   2.925855E-14   3.558892E-14   1.2164
 1151.5406   0.9568   2.923989E-14   3.565394E-14   1.2194
 1151.5705   0.9394   2.922214E-14   2.122134E-14   0.7262
 1151.6004   0.9174   2.920528E-14   2.706889E-14   0.9268
 1151.6303   0.8906   2.918934E-14   2.857152E-14   0.9788
 1151.6602   0.8594   2.917430E-14   2.551899E-14   0.8747
 1151.6901   0.8244   2.916017E-14   2.698629E-14   0.9255
 1151.7200   0.7868   2.914696E-14   2.487323E-14   0.8534
 1151.7500   0.7482   2.913463E-14   2.376866E-14   0.8158
 1151.7799   0.7106   2.912327E-14   2.238842E-14   0.7687
 1151.8098   0.6757   2.911283E-14   1.907421E-14   0.6552
 1151.8397   0.6454   2.910333E-14   1.688604E-14   0.5802
 1151.8696   0.6208   2.909475E-14   1.798349E-14   0.6181
 1151.8995   0.6033   2.908712E-14   1.987028E-14   0.6831
 1151.9294   0.5934   2.908042E-14   1.658017E-14   0.5701
 1151.9593   0.5915   2.907467E-14   1.795342E-14   0.6175
 1151.9892   0.5978   2.906987E-14   2.096402E-14   0.7212
 1152.0191   0.6120   2.906602E-14   2.450802E-14   0.8432
 1152.0490   0.6335   2.906312E-14   2.394416E-14   0.8239
 1152.0790   0.6614   2.906118E-14   2.693660E-14   0.9269
 1152.1089   0.6945   2.906020E-14   2.723574E-14   0.9372
 1152.1388   0.7311   2.906020E-14   2.612784E-14   0.8991
 1152.1687   0.7694   2.906116E-14   3.623343E-14   1.2468
 1152.1986   0.8076   2.906309E-14   3.679980E-14   1.2662
 1152.2285   0.8439   2.906600E-14   3.071888E-14   1.0569
 1152.2584   0.8770   2.906989E-14   3.180619E-14   1.0941
 1152.2883   0.9058   2.907477E-14   3.206863E-14   1.1030
 1152.3182   0.9300   2.908063E-14   2.634360E-14   0.9059
 1152.3481   0.9494   2.908748E-14   2.744484E-14   0.9435
 1152.3780   0.9645   2.909532E-14   3.259669E-14   1.1203
 1152.4080   0.9758   2.910419E-14   2.621208E-14   0.9006
 1152.4379   0.9840   2.911404E-14   3.558932E-14   1.2224
 1152.4678   0.9897   2.912489E-14   3.180144E-14   1.0919
 1152.4977   0.9935   2.913674E-14   2.809924E-14   0.9644
 1152.5276   0.9960   2.914961E-14   3.219059E-14   1.1043
 1152.5575   0.9976   2.916350E-14   2.476379E-14   0.8491
 1152.5874   0.9986   2.917840E-14   2.289750E-14   0.7847
 1152.6173   0.9992   2.919432E-14   2.134297E-14   0.7311
 1152.6472   0.9996   2.921127E-14   1.996200E-14   0.6834
 1152.6771   0.9998   2.922925E-14   1.581259E-14   0.5410
 1152.7070   0.9999   2.924826E-14   1.415819E-14   0.4841
 1152.7370   0.9999   2.926838E-14   1.458253E-14   0.4982
 1152.7669   1.0000   2.928947E-14   1.315240E-14   0.4490
 1152.7968   1.0000   2.931160E-14   1.729842E-14   0.5902
 1152.8267   1.0000   2.933478E-14   2.444840E-14   0.8334
 1152.8566   1.0000   2.935901E-14   1.866010E-14   0.6356
 1152.8865   1.0000   2.938430E-14   2.652265E-14   0.9026
 1152.9164   1.0000   2.941064E-14   2.366042E-14   0.8045
 1152.9463   1.0000   2.943804E-14   2.457957E-14   0.8350
 1152.9762   1.0000   2.946651E-14   2.889704E-14   0.9807
 1153.0061   1.0000   2.949604E-14   2.670746E-14   0.9055
 1153.0360   1.0000   2.952664E-14   2.997468E-14   1.0152
 1153.0660   1.0000   2.955837E-14   3.103842E-14   1.0501
 1153.0959   1.0000   2.959099E-14   2.722700E-14   0.9201
 1153.1258   1.0000   2.962455E-14   3.318618E-14   1.1202
 1153.1557   1.0000   2.965902E-14   2.586050E-14   0.8719
 1153.1856   1.0000   2.969435E-14   2.829487E-14   0.9529
 1153.2155   1.0000   2.973050E-14   3.344901E-14   1.1251
 1153.2454   1.0000   2.976742E-14   3.421513E-14   1.1494
 1153.2753   1.0000   2.980508E-14   3.363237E-14   1.1284
 1153.3052   1.0000   2.984344E-14   2.798027E-14   0.9376
 1153.3351   1.0000   2.988244E-14   3.119001E-14   1.0438
 1153.3650   1.0000   2.992206E-14   2.794045E-14   0.9338
 1153.3950   1.0000   2.996238E-14   3.197959E-14   1.0673
 1153.4249   1.0000   3.000309E-14   3.442509E-14   1.1474
 1153.4548   1.0000   3.004429E-14   2.901952E-14   0.9659
 1153.4847   1.0000   3.008592E-14   3.090468E-14   1.0272
 1153.5146   1.0000   3.012796E-14   2.926498E-14   0.9714
 1153.5445   1.0000   3.017035E-14   2.548522E-14   0.8447
 1153.5744   1.0000   3.021306E-14   3.406919E-14   1.1276
 1153.6043   1.0000   3.025605E-14   3.164040E-14   1.0458
 1153.6342   1.0000   3.029926E-14   2.789474E-14   0.9206
 1153.6641   1.0000   3.034267E-14   2.708398E-14   0.8926
 1153.6940   1.0000   3.038622E-14   3.284977E-14   1.0811
 1153.7240   1.0000   3.043003E-14   3.018284E-14   0.9919
 1153.7539   1.0000   3.047375E-14   2.507223E-14   0.8227
 1153.7838   1.0000   3.051750E-14   3.320577E-14   1.0881
 1153.8137   1.0000   3.056123E-14   3.402502E-14   1.1133
 1153.8436   1.0000   3.060489E-14   2.619995E-14   0.8561
 1153.8735   1.0000   3.064845E-14   3.102565E-14   1.0123
 1153.9034   1.0000   3.069187E-14   2.643835E-14   0.8614
 1153.9333   1.0000   3.073509E-14   3.157069E-14   1.0272
 1153.9632   1.0000   3.077809E-14   3.047042E-14   0.9900
 1153.9931   1.0000   3.082082E-14   3.260929E-14   1.0580
 1154.0230   1.0000   3.086323E-14   2.778009E-14   0.9001
 1154.0530   1.0000   3.090543E-14   2.402245E-14   0.7773
 1154.0829   1.0000   3.094708E-14   3.124262E-14   1.0095
 1154.1128   1.0000   3.098830E-14   2.935256E-14   0.9472
 1154.1427   1.0000   3.102904E-14   3.497705E-14   1.1272
 1154.1726   1.0000   3.106925E-14   3.495376E-14   1.1250
 1154.2025   1.0000   3.110890E-14   3.258532E-14   1.0475
 1154.2324   1.0000   3.114794E-14   3.150090E-14   1.0113
 1154.2623   1.0000   3.118633E-14   2.587267E-14   0.8296
 1154.2922   1.0000   3.122403E-14   2.958467E-14   0.9475
 1154.3221   1.0000   3.126099E-14   3.090516E-14   0.9886
 1154.3520   1.0000   3.129719E-14   3.173709E-14   1.0141
 1154.3820   1.0000   3.133268E-14   3.037423E-14   0.9694
 1154.4119   1.0000   3.136719E-14   2.850663E-14   0.9088
 1154.4418   1.0000   3.140080E-14   2.475099E-14   0.7882
 1154.4717   1.0000   3.143346E-14   3.194112E-14   1.0162
 1154.5016   1.0000   3.146515E-14   3.087687E-14   0.9813
 1154.5315   1.0000   3.149580E-14   3.345282E-14   1.0621
 1154.5614   1.0000   3.152539E-14   3.970736E-14   1.2595
 1154.5913   1.0000   3.155386E-14   2.917450E-14   0.9246
 1154.6212   1.0000   3.158118E-14   3.078896E-14   0.9749
 1154.6511   1.0000   3.160731E-14   3.386849E-14   1.0715
 1154.6810   1.0000   3.163220E-14   3.212112E-14   1.0155
 1154.7110   1.0000   3.165588E-14   3.078442E-14   0.9725
 1154.7409   1.0000   3.167817E-14   2.890473E-14   0.9124
 1154.7708   1.0000   3.169909E-14   2.998878E-14   0.9460
 1154.8007   1.0000   3.171861E-14   3.220238E-14   1.0153
 1154.8306   1.0000   3.173668E-14   3.118351E-14   0.9826
 1154.8605   1.0000   3.175326E-14   3.189157E-14   1.0044
 1154.8904   1.0000   3.176831E-14   3.395011E-14   1.0687
 1154.9203   1.0000   3.178179E-14   3.174915E-14   0.9990
 1154.9502   1.0000   3.179365E-14   2.621773E-14   0.8246
 1154.9801   1.0000   3.180386E-14   2.380062E-14   0.7484
 1155.0100   1.0000   3.181237E-14   3.317413E-14   1.0428
 1155.0400   1.0000   3.181916E-14   3.012097E-14   0.9466
 1155.0699   1.0000   3.182414E-14   2.935871E-14   0.9225
 1155.0998   1.0000   3.182729E-14   2.937589E-14   0.9230
 1155.1297   1.0000   3.182858E-14   3.283369E-14   1.0316
 1155.1596   1.0000   3.182796E-14   3.361170E-14   1.0560
 1155.1895   1.0000   3.182539E-14   2.829977E-14   0.8892
 1155.2194   1.0000   3.182082E-14   2.721481E-14   0.8553
 1155.2493   1.0000   3.181423E-14   3.116706E-14   0.9797
 1155.2792   1.0000   3.180555E-14   3.089768E-14   0.9715
 1155.3091   1.0000   3.179476E-14   3.378726E-14   1.0627
 1155.3390   1.0000   3.178181E-14   3.696636E-14   1.1631
 1155.3690   1.0000   3.176661E-14   2.877095E-14   0.9057
 1155.3989   1.0000   3.174931E-14   3.592243E-14   1.1314
 1155.4288   1.0000   3.172989E-14   3.084896E-14   0.9722
 1155.4587   1.0000   3.170840E-14   3.189465E-14   1.0059
 1155.4886   1.0000   3.168489E-14   3.430467E-14   1.0827
 1155.5185   1.0000   3.165940E-14   3.371436E-14   1.0649
 1155.5484   1.0000   3.163198E-14   2.894494E-14   0.9151
 1155.5783   1.0000   3.160267E-14   3.266321E-14   1.0336
 1155.6082   1.0000   3.157151E-14   3.000729E-14   0.9505
 1155.6381   1.0000   3.153855E-14   3.291041E-14   1.0435
 1155.6680   1.0000   3.150383E-14   3.104998E-14   0.9856
 1155.6980   1.0000   3.146728E-14   3.601939E-14   1.1447
 1155.7279   1.0000   3.142918E-14   2.889919E-14   0.9195
 1155.7578   1.0000   3.138946E-14   3.335845E-14   1.0627
 1155.7877   1.0000   3.134816E-14   2.386240E-14   0.7612
 1155.8176   1.0000   3.130533E-14   3.284118E-14   1.0491
 1155.8475   1.0000   3.126101E-14   3.175583E-14   1.0158
 1155.8774   1.0000   3.121525E-14   3.145062E-14   1.0075
 1155.9073   1.0000   3.116809E-14   3.016350E-14   0.9678
 1155.9372   1.0000   3.111957E-14   3.090090E-14   0.9930
 1155.9671   1.0000   3.106974E-14   3.225905E-14   1.0383
 1155.9970   1.0000   3.101865E-14   2.855430E-14   0.9206
