   1   268
 1.0000000
 1.0000000
 1.0000000
 1.0000000
 1.0000000
 1.0000000
 1.0000000
 1.0000000
 1.0000000
 1.0000000
 1.0000000
 1.0000000
 1.0000000
 1.0000000
 1.0000000
 1.0000000
 1.0000000
 1.0000000
 1.0000000
 1.0000000
 1.0000000
 1.0000000
 1.0000000
 1.0000000
 1.0000000
 0.9999999
 0.9999998
 0.9999996
 0.9999993
 0.9999986
 0.9999973
 0.9999950
 0.9999908
 0.9999834
 0.9999702
 0.9999476
 0.9999092
 0.9998449
 0.9997388
 0.9995675
 0.9992951
 0.9988686
 0.9982125
 0.9972205
 0.9957467
 0.9935977
 0.9905238
 0.9862157
 0.9803083
 0.9723654
 0.9620256
 0.9488991
 0.9327394
 0.9135064
 0.8914474
 0.8671465
 0.8415128
 0.8156924
 0.7909078
 0.7682629
 0.7485081
 0.7321926
 0.7192647
 0.7094311
 0.7022122
 0.6970679
 0.6934904
 0.6910549
 0.6894359
 0.6884010
 0.6877959
 0.6875286
 0.6875603
 0.6878944
 0.6885817
 0.6897259
 0.6914968
 0.6941453
 0.6980184
 0.7035607
 0.7112928
 0.7217510
 0.7354376
 0.7524979
 0.7728713
 0.7960532
 0.8211585
 0.8470420
 0.8724813
 0.8963698
 0.9178627
 0.9364496
 0.9519501
 0.9644927
 0.9742741
 0.9817235
 0.9872565
 0.9912722
 0.9941247
 0.9961107
 0.9974671
 0.9983767
 0.9989760
 0.9993641
 0.9996118
 0.9997663
 0.9998615
 0.9999191
 0.9999535
 0.9999737
 0.9999853
 0.9999919
 0.9999956
 0.9999977
 0.9999988
 0.9999994
 0.9999997
 0.9999998
 0.9999999
 1.0000000
 1.0000000
 1.0000000
 1.0000000
 1.0000000
 1.0000000
 1.0000000
 1.0000000
 1.0000000
 1.0000000
 1.0000000
 1.0000000
 1.0000000
 1.0000000
 1.0000000
 1.0000000
 1.0000000
 1.0000000
 1.0000000
 1.0000000
 1.0000000
 1.0000000
 1.0000000
 1.0000000
 1.0000000
 1.0000000
 1.0000000
 1.0000000
 1.0000000
 1.0000000
 1.0000000
 1.0000000
 1.0000000
 1.0000000
 1.0000000
 1.0000000
 1.0000000
 1.0000000
 1.0000000
 1.0000000
 1.0000000
 1.0000000
 1.0000000
 1.0000000
 1.0000000
 1.0000000
 1.0000000
 1.0000000
 1.0000000
 1.0000000
 1.0000000
 1.0000000
 1.0000000
 1.0000000
 0.9999999
 0.9999998
 0.9999996
 0.9999993
 0.9999986
 0.9999974
 0.9999953
 0.9999914
 0.9999847
 0.9999731
 0.9999534
 0.9999206
 0.9998668
 0.9997799
 0.9996420
 0.9994263
 0.9990949
 0.9985939
 0.9978495
 0.9967581
 0.9951971
 0.9929992
 0.9899637
 0.9858549
 0.9804104
 0.9733568
 0.9644355
 0.9534374
 0.9402455
 0.9248772
 0.9074573
 0.8884721
 0.8684056
 0.8479194
 0.8277263
 0.8085056
 0.7908258
 0.7750915
 0.7615239
 0.7501746
 0.7409632
 0.7337044
 0.7282457
 0.7243622
 0.7218875
 0.7207037
 0.7207512
 0.7220324
 0.7246117
 0.7286112
 0.7342005
 0.7415783
 0.7509787
 0.7624989
 0.7762389
 0.7921347
 0.8099511
 0.8292696
 0.8495108
 0.8699898
 0.8899948
 0.9088714
 0.9260926
 0.9413032
 0.9543703
 0.9652013
 0.9739691
 0.9808879
 0.9862188
 0.9902349
 0.9931973
 0.9953389
 0.9968578
 0.9979152
 0.9986385
 0.9991259
 0.9994467
 0.9996551
 0.9997883
 0.9998720
 0.9999238
 0.9999553
 0.9999742
 0.9999853
 0.9999918
 0.9999955
 0.9999975
 0.9999987
 0.9999993
 0.9999996
 0.9999998
 0.9999999
 1.0000000
 1.0000000
 1.0000000
