 1365.9886   1.0000   2.316403E-14   2.103170E-14   0.9079
 1366.0185   1.0000   2.309318E-14   1.959574E-14   0.8486
 1366.0484   1.0000   2.302345E-14   2.131562E-14   0.9258
 1366.0783   1.0000   2.295490E-14   1.943639E-14   0.8467
 1366.1082   1.0000   2.288759E-14   1.839950E-14   0.8039
 1366.1382   1.0000   2.282138E-14   1.835283E-14   0.8042
 1366.1681   1.0000   2.275675E-14   1.984067E-14   0.8719
 1366.1980   1.0000   2.269356E-14   2.103797E-14   0.9270
 1366.2279   1.0000   2.263186E-14   2.141203E-14   0.9461
 1366.2578   1.0000   2.257172E-14   2.157294E-14   0.9558
 1366.2877   1.0000   2.251319E-14   2.555115E-14   1.1349
 1366.3176   1.0000   2.245635E-14   2.144376E-14   0.9549
 1366.3475   1.0000   2.240125E-14   2.081582E-14   0.9292
 1366.3774   1.0000   2.234796E-14   1.893615E-14   0.8473
 1366.4073   1.0000   2.229653E-14   2.210869E-14   0.9916
 1366.4372   1.0000   2.224704E-14   2.410074E-14   1.0833
 1366.4672   1.0000   2.219938E-14   2.107341E-14   0.9493
 1366.4971   1.0000   2.215393E-14   2.265859E-14   1.0228
 1366.5270   1.0000   2.211061E-14   1.882562E-14   0.8514
 1366.5569   1.0000   2.206946E-14   2.028766E-14   0.9193
 1366.5868   1.0000   2.203056E-14   1.682913E-14   0.7639
 1366.6167   1.0000   2.199395E-14   2.079229E-14   0.9454
 1366.6466   1.0000   2.195963E-14   2.119548E-14   0.9652
 1366.6765   1.0000   2.192759E-14   1.652850E-14   0.7538
 1366.7064   1.0000   2.189783E-14   2.266182E-14   1.0349
 1366.7363   1.0000   2.187033E-14   2.265742E-14   1.0360
 1366.7662   1.0000   2.184508E-14   2.081599E-14   0.9529
 1366.7962   1.0000   2.182199E-14   1.839631E-14   0.8430
 1366.8261   1.0000   2.180122E-14   2.028883E-14   0.9306
 1366.8560   1.0000   2.178266E-14   1.641493E-14   0.7536
 1366.8859   1.0000   2.176632E-14   1.922419E-14   0.8832
 1366.9158   1.0000   2.175217E-14   1.868874E-14   0.8592
 1366.9457   1.0000   2.174020E-14   1.775779E-14   0.8168
 1366.9756   1.0000   2.173042E-14   1.695101E-14   0.7801
 1367.0055   1.0000   2.172279E-14   2.013957E-14   0.9271
 1367.0354   0.9999   2.171733E-14   1.986813E-14   0.9149
 1367.0653   0.9999   2.171401E-14   2.028746E-14   0.9343
 1367.0952   0.9998   2.171282E-14   2.135256E-14   0.9834
 1367.1252   0.9997   2.171376E-14   2.052745E-14   0.9454
 1367.1551   0.9996   2.171681E-14   2.109135E-14   0.9712
 1367.1850   0.9993   2.172197E-14   2.330432E-14   1.0728
 1367.2149   0.9989   2.172922E-14   1.987027E-14   0.9144
 1367.2448   0.9982   2.173854E-14   2.186027E-14   1.0056
 1367.2747   0.9972   2.174994E-14   1.896006E-14   0.8717
 1367.3046   0.9957   2.176339E-14   1.854786E-14   0.8523
 1367.3345   0.9936   2.177890E-14   2.081462E-14   0.9557
 1367.3644   0.9905   2.179644E-14   2.013424E-14   0.9237
 1367.3943   0.9862   2.181601E-14   1.550145E-14   0.7106
 1367.4242   0.9803   2.183759E-14   2.065099E-14   0.9457
 1367.4542   0.9724   2.186127E-14   2.014679E-14   0.9216
 1367.4841   0.9620   2.188686E-14   1.682259E-14   0.7686
 1367.5140   0.9489   2.191444E-14   1.627577E-14   0.7427
 1367.5439   0.9327   2.194399E-14   1.922771E-14   0.8762
 1367.5738   0.9135   2.197550E-14   1.776537E-14   0.8084
 1367.6037   0.8914   2.200897E-14   1.800488E-14   0.8181
 1367.6336   0.8671   2.204438E-14   1.614040E-14   0.7322
 1367.6635   0.8415   2.208172E-14   1.814317E-14   0.8216
 1367.6934   0.8157   2.212098E-14   1.881042E-14   0.8503
 1367.7233   0.7909   2.216215E-14   1.829313E-14   0.8254
 1367.7532   0.7683   2.220522E-14   1.644541E-14   0.7406
 1367.7832   0.7485   2.225033E-14   1.644053E-14   0.7389
 1367.8131   0.7322   2.229717E-14   1.801665E-14   0.8080
 1367.8430   0.7193   2.234588E-14   1.405330E-14   0.6289
 1367.8729   0.7094   2.239645E-14   1.620918E-14   0.7237
 1367.9028   0.7022   2.244886E-14   1.713995E-14   0.7635
 1367.9327   0.6971   2.250311E-14   1.856959E-14   0.8252
 1367.9626   0.6935   2.255918E-14   2.143190E-14   0.9500
 1367.9925   0.6911   2.261707E-14   1.789277E-14   0.7911
 1368.0224   0.6894   2.267676E-14   1.464862E-14   0.6460
 1368.0523   0.6884   2.273824E-14   1.587685E-14   0.6982
 1368.0822   0.6878   2.280151E-14   1.377836E-14   0.6043
 1368.1122   0.6875   2.286676E-14   1.387114E-14   0.6066
 1368.1421   0.6876   2.293355E-14   1.429742E-14   0.6234
 1368.1720   0.6879   2.300195E-14   1.713959E-14   0.7451
 1368.2019   0.6886   2.307183E-14   1.851408E-14   0.8025
 1368.2318   0.6897   2.314304E-14   1.405647E-14   0.6074
 1368.2617   0.6915   2.321546E-14   1.704182E-14   0.7341
 1368.2916   0.6941   2.328892E-14   2.058535E-14   0.8839
 1368.3215   0.6980   2.336331E-14   1.728050E-14   0.7396
 1368.3514   0.7036   2.343846E-14   1.737872E-14   0.7415
 1368.3813   0.7113   2.351425E-14   1.712183E-14   0.7281
 1368.4112   0.7218   2.359053E-14   1.764120E-14   0.7478
 1368.4412   0.7354   2.366741E-14   1.924408E-14   0.8131
 1368.4711   0.7525   2.374425E-14   1.832275E-14   0.7717
 1368.5010   0.7729   2.382115E-14   1.724614E-14   0.7240
 1368.5309   0.7961   2.389798E-14   2.133627E-14   0.8928
 1368.5608   0.8212   2.397460E-14   2.058501E-14   0.8586
 1368.5907   0.8470   2.405086E-14   1.938621E-14   0.8061
 1368.6206   0.8725   2.412662E-14   2.018843E-14   0.8368
 1368.6505   0.8964   2.420174E-14   2.152697E-14   0.8895
 1368.6804   0.9179   2.427608E-14   2.060001E-14   0.8486
 1368.7103   0.9364   2.434951E-14   1.923659E-14   0.7900
 1368.7402   0.9520   2.442187E-14   2.487348E-14   1.0185
 1368.7702   0.9645   2.449326E-14   2.063307E-14   0.8424
 1368.8001   0.9743   2.456307E-14   2.305863E-14   0.9388
 1368.8300   0.9817   2.463140E-14   2.688819E-14   1.0916
 1368.8599   0.9873   2.469809E-14   2.155987E-14   0.8729
 1368.8898   0.9913   2.476302E-14   2.313975E-14   0.9344
 1368.9197   0.9941   2.482605E-14   2.020138E-14   0.8137
 1368.9496   0.9961   2.488702E-14   3.043608E-14   1.2230
 1368.9795   0.9975   2.494580E-14   2.286001E-14   0.9164
 1369.0094   0.9984   2.500225E-14   2.501165E-14   1.0004
 1369.0393   0.9990   2.505622E-14   2.472002E-14   0.9866
 1369.0692   0.9994   2.510758E-14   2.804262E-14   1.1169
 1369.0992   0.9996   2.515635E-14   2.218061E-14   0.8817
 1369.1291   0.9998   2.520205E-14   2.588060E-14   1.0269
 1369.1590   0.9999   2.524471E-14   2.564867E-14   1.0160
 1369.1889   0.9999   2.528419E-14   2.338009E-14   0.9247
 1369.2188   1.0000   2.532036E-14   2.752169E-14   1.0869
 1369.2487   1.0000   2.535306E-14   2.511395E-14   0.9906
 1369.2786   1.0000   2.538216E-14   2.844384E-14   1.1206
 1369.3085   1.0000   2.540751E-14   2.741959E-14   1.0792
 1369.3384   1.0000   2.542898E-14   2.368218E-14   0.9313
 1369.3683   1.0000   2.544643E-14   2.411317E-14   0.9476
 1369.3982   1.0000   2.545971E-14   2.509633E-14   0.9857
 1369.4282   1.0000   2.546870E-14   2.467890E-14   0.9690
 1369.4581   1.0000   2.547321E-14   2.418790E-14   0.9495
 1369.4880   1.0000   2.547312E-14   2.592832E-14   1.0179
 1369.5179   1.0000   2.546831E-14   2.387220E-14   0.9373
 1369.5478   1.0000   2.545862E-14   2.943103E-14   1.1560
 1369.5777   1.0000   2.544392E-14   2.465763E-14   0.9691
 1369.6076   1.0000   2.542406E-14   2.304073E-14   0.9063
 1369.6375   1.0000   2.539891E-14   2.271271E-14   0.8942
 1369.6674   1.0000   2.536838E-14   2.553294E-14   1.0065
 1369.6973   1.0000   2.533260E-14   2.452623E-14   0.9682
 1369.7272   1.0000   2.529177E-14   2.430316E-14   0.9609
 1369.7572   1.0000   2.524593E-14   2.755184E-14   1.0913
 1369.7871   1.0000   2.519557E-14   2.461434E-14   0.9769
 1369.8170   1.0000   2.514074E-14   2.418803E-14   0.9621
 1369.8469   1.0000   2.508163E-14   2.301473E-14   0.9176
 1369.8768   1.0000   2.501845E-14   1.928810E-14   0.7710
 1369.9067   1.0000   2.495137E-14   1.862938E-14   0.7466
 1369.9366   1.0000   2.488060E-14   1.439124E-14   0.5784
 1369.9665   1.0000   2.480633E-14   1.369563E-14   0.5521
 1369.9964   1.0000   2.472874E-14   1.131708E-14   0.4576
 1370.0263   1.0000   2.464805E-14   1.077379E-14   0.4371
 1370.0562   1.0000   2.456443E-14   1.251312E-14   0.5094
 1370.0862   1.0000   2.447779E-14   1.422782E-14   0.5813
 1370.1161   1.0000   2.438890E-14   1.225323E-14   0.5024
 1370.1460   1.0000   2.429767E-14   1.529610E-14   0.6295
 1370.1759   1.0000   2.420429E-14   1.304210E-14   0.5388
 1370.2058   1.0000   2.410896E-14   1.740891E-14   0.7221
 1370.2357   1.0000   2.401187E-14   1.624181E-14   0.6764
 1370.2656   1.0000   2.391321E-14   1.729271E-14   0.7231
 1370.2955   1.0000   2.381318E-14   1.877520E-14   0.7884
 1370.3254   1.0000   2.371197E-14   1.533939E-14   0.6469
 1370.3553   1.0000   2.360977E-14   1.848020E-14   0.7827
 1370.3852   1.0000   2.350677E-14   2.245008E-14   0.9550
 1370.4152   1.0000   2.340283E-14   1.811474E-14   0.7740
 1370.4451   1.0000   2.329883E-14   2.338351E-14   1.0036
 1370.4750   1.0000   2.319462E-14   2.033270E-14   0.8766
 1370.5049   1.0000   2.309038E-14   2.080213E-14   0.9009
 1370.5348   1.0000   2.298632E-14   2.132448E-14   0.9277
 1370.5647   1.0000   2.288263E-14   2.066521E-14   0.9031
 1370.5946   1.0000   2.277950E-14   1.925252E-14   0.8452
 1370.6245   1.0000   2.267712E-14   2.335686E-14   1.0300
 1370.6544   1.0000   2.257570E-14   2.058812E-14   0.9120
 1370.6843   1.0000   2.247541E-14   2.171675E-14   0.9662
 1370.7142   1.0000   2.237645E-14   2.321680E-14   1.0376
 1370.7442   1.0000   2.227871E-14   2.298367E-14   1.0316
 1370.7741   1.0000   2.218301E-14   2.421011E-14   1.0914
 1370.8040   1.0000   2.208923E-14   2.434347E-14   1.1021
 1370.8339   1.0000   2.199755E-14   2.349722E-14   1.0682
 1370.8638   1.0000   2.190818E-14   1.855419E-14   0.8469
 1370.8937   1.0000   2.182131E-14   2.431145E-14   1.1141
 1370.9236   1.0000   2.173712E-14   2.345976E-14   1.0792
 1370.9535   1.0000   2.165581E-14   2.174025E-14   1.0039
 1370.9834   1.0000   2.157759E-14   2.217975E-14   1.0279
 1371.0133   1.0000   2.150263E-14   2.044225E-14   0.9507
 1371.0432   1.0000   2.143113E-14   2.213283E-14   1.0327
 1371.0732   1.0000   2.136307E-14   2.324642E-14   1.0882
 1371.1031   1.0000   2.129909E-14   2.196906E-14   1.0315
 1371.1330   1.0000   2.123916E-14   2.210212E-14   1.0406
 1371.1629   1.0000   2.118346E-14   2.218291E-14   1.0472
 1371.1928   1.0000   2.113215E-14   2.140897E-14   1.0131
 1371.2227   1.0000   2.108525E-14   2.307967E-14   1.0946
 1371.2526   1.0000   2.104272E-14   2.037742E-14   0.9684
 1371.2825   1.0000   2.100454E-14   2.166870E-14   1.0316
 1371.3124   1.0000   2.097068E-14   1.832963E-14   0.8741
 1371.3423   1.0000   2.094111E-14   1.657950E-14   0.7917
 1371.3722   1.0000   2.091580E-14   2.464666E-14   1.1784
 1371.4022   1.0000   2.089466E-14   1.884075E-14   0.9017
 1371.4321   1.0000   2.087781E-14   1.768530E-14   0.8471
 1371.4620   1.0000   2.086514E-14   2.189149E-14   1.0492
 1371.4919   0.9999   2.085662E-14   2.201717E-14   1.0556
 1371.5218   0.9999   2.085222E-14   2.067639E-14   0.9916
 1371.5517   0.9998   2.085192E-14   1.825681E-14   0.8755
 1371.5816   0.9996   2.085569E-14   2.134426E-14   1.0234
 1371.6115   0.9994   2.086350E-14   2.067294E-14   0.9909
 1371.6414   0.9991   2.087532E-14   1.964050E-14   0.9408
 1371.6713   0.9986   2.089113E-14   1.851775E-14   0.8864
 1371.7012   0.9978   2.091089E-14   2.230762E-14   1.0668
 1371.7312   0.9968   2.093467E-14   2.295749E-14   1.0966
 1371.7611   0.9952   2.096228E-14   2.094561E-14   0.9992
 1371.7910   0.9930   2.099377E-14   2.079501E-14   0.9905
 1371.8209   0.9900   2.102909E-14   2.080109E-14   0.9892
 1371.8508   0.9859   2.106824E-14   2.057418E-14   0.9765
 1371.8807   0.9804   2.111118E-14   2.254343E-14   1.0678
 1371.9106   0.9734   2.115788E-14   1.974108E-14   0.9330
 1371.9405   0.9644   2.120831E-14   1.813796E-14   0.8552
 1371.9704   0.9534   2.126246E-14   2.265772E-14   1.0656
 1372.0003   0.9402   2.132028E-14   2.002444E-14   0.9392
 1372.0302   0.9249   2.138175E-14   1.854301E-14   0.8672
 1372.0602   0.9075   2.144707E-14   2.090791E-14   0.9749
 1372.0901   0.8885   2.151578E-14   1.866589E-14   0.8675
 1372.1200   0.8684   2.158805E-14   1.999197E-14   0.9261
 1372.1499   0.8479   2.166387E-14   1.747343E-14   0.8066
 1372.1798   0.8277   2.174319E-14   1.856497E-14   0.8538
 1372.2097   0.8085   2.182600E-14   1.694158E-14   0.7762
 1372.2396   0.7908   2.191227E-14   1.749230E-14   0.7983
 1372.2695   0.7751   2.200197E-14   1.858211E-14   0.8446
 1372.2994   0.7615   2.209507E-14   2.109678E-14   0.9548
 1372.3293   0.7502   2.219154E-14   1.469327E-14   0.6621
 1372.3592   0.7410   2.229136E-14   1.748750E-14   0.7845
 1372.3892   0.7337   2.239484E-14   1.549067E-14   0.6917
 1372.4191   0.7282   2.250128E-14   1.657696E-14   0.7367
 1372.4490   0.7244   2.261098E-14   1.550734E-14   0.6858
 1372.4789   0.7219   2.272391E-14   1.243941E-14   0.5474
 1372.5088   0.7207   2.284005E-14   1.497534E-14   0.6557
 1372.5387   0.7208   2.295937E-14   1.309758E-14   0.5705
 1372.5686   0.7220   2.308184E-14   1.485050E-14   0.6434
 1372.5985   0.7246   2.320744E-14   1.254354E-14   0.5405
 1372.6284   0.7286   2.333612E-14   1.591105E-14   0.6818
 1372.6583   0.7342   2.346788E-14   1.684523E-14   0.7178
 1372.6882   0.7416   2.360268E-14   1.909579E-14   0.8091
 1372.7182   0.7510   2.374093E-14   1.949698E-14   0.8212
 1372.7481   0.7625   2.388157E-14   1.711062E-14   0.7165
 1372.7780   0.7762   2.402489E-14   1.963804E-14   0.8174
 1372.8079   0.7921   2.417071E-14   2.165717E-14   0.8960
 1372.8378   0.8100   2.431887E-14   2.457935E-14   1.0107
 1372.8677   0.8293   2.446921E-14   2.192919E-14   0.8962
 1372.8976   0.8495   2.462155E-14   2.114384E-14   0.8588
 1372.9275   0.8700   2.477572E-14   2.365952E-14   0.9549
 1372.9574   0.8900   2.493156E-14   2.314951E-14   0.9285
 1372.9873   0.9089   2.508890E-14   2.408207E-14   0.9599
 1373.0172   0.9261   2.524757E-14   2.089175E-14   0.8275
 1373.0471   0.9413   2.540741E-14   2.221195E-14   0.8742
 1373.0771   0.9544   2.556878E-14   2.556025E-14   0.9997
 1373.1070   0.9652   2.573044E-14   2.569824E-14   0.9987
 1373.1369   0.9740   2.589276E-14   2.211060E-14   0.8539
 1373.1668   0.9809   2.605557E-14   2.370226E-14   0.9097
 1373.1967   0.9862   2.621870E-14   2.251915E-14   0.8589
 1373.2266   0.9902   2.638199E-14   2.718836E-14   1.0306
 1373.2565   0.9932   2.654526E-14   2.703456E-14   1.0184
 1373.2864   0.9953   2.670836E-14   2.822622E-14   1.0568
 1373.3163   0.9969   2.687110E-14   2.462470E-14   0.9164
 1373.3462   0.9979   2.703333E-14   3.032233E-14   1.1217
 1373.3761   0.9986   2.719487E-14   2.864270E-14   1.0532
 1373.4061   0.9991   2.735609E-14   2.790230E-14   1.0200
 1373.4360   0.9994   2.751575E-14   2.724609E-14   0.9902
 1373.4659   0.9997   2.767422E-14   2.769991E-14   1.0009
 1373.4958   0.9998   2.783134E-14   2.791610E-14   1.0030
 1373.5257   0.9999   2.798692E-14   2.484460E-14   0.8877
 1373.5556   0.9999   2.814082E-14   2.789244E-14   0.9912
 1373.5855   1.0000   2.829285E-14   3.050760E-14   1.0783
 1373.6154   1.0000   2.844285E-14   3.060952E-14   1.0762
 1373.6453   1.0000   2.859065E-14   2.595764E-14   0.9079
 1373.6752   1.0000   2.873608E-14   2.596780E-14   0.9037
 1373.7051   1.0000   2.887898E-14   3.135480E-14   1.0857
 1373.7351   1.0000   2.901965E-14   2.921225E-14   1.0066
 1373.7650   1.0000   2.915696E-14   2.843043E-14   0.9751
 1373.7949   1.0000   2.929124E-14   3.094763E-14   1.0565
 1373.8248   1.0000   2.942231E-14   3.143048E-14   1.0683
 1373.8547   1.0000   2.955001E-14   3.023682E-14   1.0232
 1373.8846   1.0000   2.967416E-14   2.861943E-14   0.9645
 1373.9145   1.0000   2.979461E-14   2.864783E-14   0.9615
 1373.9444   1.0000   2.991117E-14   3.076422E-14   1.0285
 1373.9743   1.0000   3.002368E-14   2.918489E-14   0.9721
