 1269.9805   1.0000   3.486736E-15   5.526789E-15   1.5851
 1270.0104   1.0000   3.515020E-15   4.192274E-15   1.1927
 1270.0403   1.0000   3.543516E-15   4.547084E-15   1.2832
 1270.0702   1.0000   3.572215E-15   3.851599E-15   1.0782
 1270.1001   1.0000   3.601106E-15   4.709506E-15   1.3078
 1270.1300   1.0000   3.630181E-15   4.560087E-15   1.2562
 1270.1600   1.0000   3.659529E-15   3.884821E-15   1.0616
 1270.1899   1.0000   3.688944E-15   3.497246E-15   0.9480
 1270.2198   1.0000   3.718515E-15   3.596000E-15   0.9671
 1270.2497   1.0000   3.748232E-15   2.821993E-15   0.7529
 1270.2796   1.0000   3.778087E-15   2.568680E-15   0.6799
 1270.3095   1.0000   3.808070E-15   2.504808E-15   0.6578
 1270.3394   1.0000   3.838171E-15   2.141140E-15   0.5579
 1270.3693   1.0000   3.868382E-15   1.807591E-15   0.4673
 1270.3992   1.0000   3.898693E-15   2.142925E-15   0.5497
 1270.4291   1.0000   3.929096E-15   1.137524E-15   0.2895
 1270.4590   1.0000   3.959579E-15   2.328812E-15   0.5881
 1270.4890   1.0000   3.990237E-15   1.936181E-15   0.4852
 1270.5189   1.0000   4.020857E-15   2.920263E-15   0.7263
 1270.5488   1.0000   4.051530E-15   2.156107E-15   0.5322
 1270.5787   1.0000   4.082247E-15   2.588004E-15   0.6340
 1270.6086   1.0000   4.113000E-15   3.709193E-15   0.9018
 1270.6385   1.0000   4.143779E-15   2.972672E-15   0.7174
 1270.6684   1.0000   4.174574E-15   2.818405E-15   0.6751
 1270.6983   1.0000   4.205377E-15   3.344305E-15   0.7952
 1270.7282   1.0000   4.236177E-15   4.067934E-15   0.9603
 1270.7581   1.0000   4.266967E-15   4.466554E-15   1.0468
 1270.7880   1.0000   4.297736E-15   3.988176E-15   0.9280
 1270.8180   1.0000   4.328578E-15   3.161721E-15   0.7304
 1270.8479   1.0000   4.359279E-15   3.608011E-15   0.8277
 1270.8778   1.0000   4.389931E-15   5.190004E-15   1.1823
 1270.9077   1.0000   4.420525E-15   5.003375E-15   1.1319
 1270.9376   1.0000   4.451053E-15   3.895209E-15   0.8751
 1270.9675   1.0000   4.481504E-15   4.421359E-15   0.9866
 1270.9974   1.0000   4.511870E-15   5.633789E-15   1.2487
 1271.0273   1.0000   4.542141E-15   4.426202E-15   0.9745
 1271.0572   1.0000   4.572309E-15   4.965677E-15   1.0860
 1271.0871   1.0000   4.602363E-15   5.779087E-15   1.2557
 1271.1170   1.0000   4.632294E-15   5.784698E-15   1.2488
 1271.1470   1.0000   4.662194E-15   6.027072E-15   1.2928
 1271.1769   1.0000   4.691852E-15   4.869504E-15   1.0379
 1271.2068   1.0000   4.721360E-15   5.350358E-15   1.1332
 1271.2367   1.0000   4.750708E-15   4.670628E-15   0.9831
 1271.2666   1.0000   4.779887E-15   4.718028E-15   0.9871
 1271.2965   1.0000   4.808888E-15   5.197731E-15   1.0809
 1271.3264   1.0000   4.837702E-15   5.295950E-15   1.0947
 1271.3563   1.0000   4.866319E-15   5.391014E-15   1.1078
 1271.3862   1.0000   4.894730E-15   4.817209E-15   0.9842
 1271.4161   1.0000   4.922925E-15   5.496128E-15   1.1164
 1271.4460   1.0000   4.950896E-15   4.757336E-15   0.9609
 1271.4760   1.0000   4.978725E-15   5.782198E-15   1.1614
 1271.5059   1.0000   5.006218E-15   4.471627E-15   0.8932
 1271.5358   1.0000   5.033459E-15   4.810810E-15   0.9558
 1271.5657   1.0000   5.060438E-15   5.632297E-15   1.1130
 1271.5956   1.0000   5.087146E-15   4.904831E-15   0.9642
 1271.6255   1.0000   5.113573E-15   6.014926E-15   1.1763
 1271.6554   1.0000   5.139711E-15   5.140942E-15   1.0002
 1271.6853   1.0000   5.165551E-15   5.334427E-15   1.0327
 1271.7152   1.0000   5.191082E-15   5.980378E-15   1.1520
 1271.7451   1.0000   5.216296E-15   5.298293E-15   1.0157
 1271.7750   1.0000   5.241183E-15   4.743616E-15   0.9051
 1271.8050   1.0000   5.265815E-15   5.066809E-15   0.9622
 1271.8349   1.0000   5.290020E-15   4.720632E-15   0.8924
 1271.8648   1.0000   5.313870E-15   4.406685E-15   0.8293
 1271.8947   1.0000   5.337357E-15   5.830684E-15   1.0924
 1271.9246   1.0000   5.360470E-15   4.401633E-15   0.8211
 1271.9545   1.0000   5.383201E-15   4.528943E-15   0.8413
 1271.9844   1.0000   5.405541E-15   4.382015E-15   0.8107
 1272.0143   1.0000   5.427479E-15   3.748854E-15   0.6907
 1272.0442   1.0000   5.449008E-15   4.382779E-15   0.8043
 1272.0741   1.0000   5.470117E-15   4.188721E-15   0.7657
 1272.1040   1.0000   5.490797E-15   3.956683E-15   0.7206
 1272.1340   1.0000   5.511106E-15   3.035609E-15   0.5508
 1272.1639   1.0000   5.530899E-15   3.001576E-15   0.5427
 1272.1938   1.0000   5.550236E-15   3.494942E-15   0.6297
 1272.2237   1.0000   5.569107E-15   2.670472E-15   0.4795
 1272.2536   1.0000   5.587503E-15   3.184027E-15   0.5698
 1272.2835   1.0000   5.605414E-15   3.010368E-15   0.5370
 1272.3134   1.0000   5.622832E-15   3.218433E-15   0.5724
 1272.3433   1.0000   5.639747E-15   4.141083E-15   0.7343
 1272.3732   1.0000   5.656149E-15   4.679708E-15   0.8274
 1272.4031   1.0000   5.672030E-15   3.882567E-15   0.6845
 1272.4330   1.0000   5.687380E-15   4.314269E-15   0.7586
 1272.4630   1.0000   5.702239E-15   4.436842E-15   0.7781
 1272.4929   1.0000   5.716498E-15   5.210088E-15   0.9114
 1272.5228   1.0000   5.730198E-15   4.864728E-15   0.8490
 1272.5527   1.0000   5.743331E-15   4.059420E-15   0.7068
 1272.5826   1.0000   5.755886E-15   3.645966E-15   0.6334
 1272.6125   1.0000   5.767854E-15   4.947921E-15   0.8578
 1272.6424   1.0000   5.779227E-15   4.890201E-15   0.8462
 1272.6723   1.0000   5.789995E-15   3.949466E-15   0.6821
 1272.7022   1.0000   5.800148E-15   3.941721E-15   0.6796
 1272.7321   1.0000   5.809678E-15   3.103520E-15   0.5342
 1272.7620   1.0000   5.818575E-15   3.772437E-15   0.6483
 1272.7920   1.0000   5.826857E-15   3.188647E-15   0.5472
 1272.8219   1.0000   5.834458E-15   3.732982E-15   0.6398
 1272.8518   1.0000   5.841399E-15   2.913987E-15   0.4989
 1272.8817   1.0000   5.847669E-15   3.012051E-15   0.5151
 1272.9116   1.0000   5.853261E-15   3.212984E-15   0.5489
 1272.9415   1.0000   5.858163E-15   3.007066E-15   0.5133
 1272.9714   1.0000   5.862368E-15   2.565967E-15   0.4377
 1273.0013   1.0000   5.865870E-15   2.400325E-15   0.4092
 1273.0312   1.0000   5.868680E-15   2.622287E-15   0.4468
 1273.0611   1.0000   5.870812E-15   2.679414E-15   0.4564
 1273.0910   1.0000   5.872283E-15   2.776730E-15   0.4729
 1273.1210   1.0000   5.873108E-15   2.548055E-15   0.4339
 1273.1509   1.0000   5.873297E-15   3.087677E-15   0.5257
 1273.1808   1.0000   5.872869E-15   3.694839E-15   0.6291
 1273.2107   1.0000   5.871839E-15   3.962159E-15   0.6748
 1273.2406   1.0000   5.870223E-15   4.663098E-15   0.7944
 1273.2705   1.0000   5.868034E-15   4.733232E-15   0.8066
 1273.3004   1.0000   5.865288E-15   4.880897E-15   0.8322
 1273.3303   1.0000   5.862000E-15   4.725367E-15   0.8061
 1273.3602   1.0000   5.858185E-15   5.266966E-15   0.8991
 1273.3901   1.0000   5.853858E-15   4.717083E-15   0.8058
 1273.4200   1.0000   5.849035E-15   5.584774E-15   0.9548
 1273.4500   1.0000   5.843711E-15   5.433042E-15   0.9297
 1273.4799   1.0000   5.837936E-15   5.278269E-15   0.9041
 1273.5098   1.0000   5.831710E-15   5.599597E-15   0.9602
 1273.5397   1.0000   5.825048E-15   6.191985E-15   1.0630
 1273.5696   1.0000   5.817963E-15   6.085398E-15   1.0460
 1273.5995   1.0000   5.810471E-15   5.657818E-15   0.9737
 1273.6294   1.0000   5.802588E-15   4.622451E-15   0.7966
 1273.6593   1.0000   5.794328E-15   4.999345E-15   0.8628
 1273.6892   1.0000   5.785706E-15   6.959377E-15   1.2029
 1273.7191   1.0000   5.776737E-15   6.909636E-15   1.1961
 1273.7490   1.0000   5.767436E-15   6.810295E-15   1.1808
 1273.7790   1.0000   5.757786E-15   4.733190E-15   0.8221
 1273.8089   1.0000   5.747866E-15   5.437420E-15   0.9460
 1273.8388   1.0000   5.737659E-15   5.279870E-15   0.9202
 1273.8687   1.0000   5.727180E-15   5.501095E-15   0.9605
 1273.8986   1.0000   5.716445E-15   5.277148E-15   0.9232
 1273.9285   1.0000   5.705468E-15   5.713085E-15   1.0013
 1273.9584   1.0000   5.694264E-15   5.932198E-15   1.0418
 1273.9883   1.0000   5.682849E-15   5.556370E-15   0.9777
 1274.0182   1.0000   5.671237E-15   5.337654E-15   0.9412
 1274.0481   1.0000   5.659443E-15   6.147271E-15   1.0862
 1274.0780   1.0000   5.647483E-15   6.059729E-15   1.0730
 1274.1080   1.0000   5.635330E-15   5.059494E-15   0.8978
 1274.1379   1.0000   5.623081E-15   5.993783E-15   1.0659
 1274.1678   1.0000   5.610710E-15   5.339942E-15   0.9517
 1274.1977   1.0000   5.598233E-15   3.582653E-15   0.6400
 1274.2276   1.0000   5.585664E-15   6.034800E-15   1.0804
 1274.2575   1.0000   5.573019E-15   5.427177E-15   0.9738
 1274.2874   1.0000   5.560312E-15   5.281693E-15   0.9499
 1274.3173   1.0000   5.547559E-15   6.383395E-15   1.1507
 1274.3472   1.0000   5.534774E-15   5.680416E-15   1.0263
 1274.3771   0.9999   5.521973E-15   6.840179E-15   1.2387
 1274.4070   0.9998   5.509170E-15   5.936553E-15   1.0776
 1274.4370   0.9997   5.496338E-15   5.614841E-15   1.0216
 1274.4669   0.9994   5.483578E-15   5.297587E-15   0.9661
 1274.4968   0.9988   5.470861E-15   5.653877E-15   1.0335
 1274.5267   0.9977   5.458202E-15   5.910426E-15   1.0829
 1274.5566   0.9957   5.445617E-15   5.854362E-15   1.0751
 1274.5865   0.9922   5.433121E-15   5.533770E-15   1.0185
 1274.6164   0.9863   5.420729E-15   5.088844E-15   0.9388
 1274.6463   0.9764   5.408455E-15   4.255117E-15   0.7868
 1274.6762   0.9604   5.396314E-15   5.499157E-15   1.0191
 1274.7061   0.9356   5.384323E-15   5.855850E-15   1.0876
 1274.7360   0.8985   5.372495E-15   4.114351E-15   0.7658
 1274.7660   0.8453   5.360807E-15   4.294674E-15   0.8011
 1274.7959   0.7734   5.349352E-15   4.260989E-15   0.7965
 1274.8258   0.6821   5.338106E-15   3.654183E-15   0.6845
 1274.8557   0.5743   5.327083E-15   3.500846E-15   0.6572
 1274.8856   0.4579   5.316300E-15   2.440987E-15   0.4592
 1274.9155   0.3444   5.305770E-15   2.291577E-15   0.4319
 1274.9454   0.2458   5.295508E-15   1.606469E-15   0.3034
 1274.9753   0.1704   5.285531E-15   8.695115E-16   0.1645
 1275.0052   0.1201   5.275853E-15   1.105660E-15   0.2096
 1275.0351   0.0908   5.266488E-15   5.470466E-16   0.1039
 1275.0650   0.0758   5.257452E-15   8.025551E-16   0.1527
 1275.0950   0.0690   5.248731E-15   1.804830E-16   0.0344
 1275.1249   0.0662   5.240399E-15   3.159160E-16   0.0603
 1275.1548   0.0651   5.232441E-15   3.556534E-16   0.0680
 1275.1847   0.0647   5.224872E-15   4.773615E-16   0.0914
 1275.2146   0.0645   5.217707E-15   4.067001E-16   0.0779
 1275.2445   0.0644   5.210960E-15   2.158152E-16   0.0414
 1275.2744   0.0644   5.204648E-15   3.777539E-16   0.0726
 1275.3043   0.0643   5.198784E-15   3.430215E-16   0.0660
 1275.3342   0.0642   5.193385E-15   1.909080E-16   0.0368
 1275.3641   0.0641   5.188464E-15   4.569322E-16   0.0881
 1275.3940   0.0639   5.184038E-15   2.453908E-16   0.0473
 1275.4240   0.0636   5.180108E-15   2.049541E-16   0.0396
 1275.4539   0.0633   5.176716E-15   4.090381E-16   0.0790
 1275.4838   0.0631   5.173863E-15   1.781971E-16   0.0344
 1275.5137   0.0636   5.171565E-15   2.329867E-16   0.0451
 1275.5436   0.0659   5.169835E-15   4.529483E-16   0.0876
 1275.5735   0.0725   5.168689E-15   5.359328E-16   0.1037
 1275.6034   0.0867   5.168143E-15   4.730349E-16   0.0915
 1275.6333   0.1112   5.168210E-15   7.275648E-16   0.1408
 1275.6632   0.1453   5.168907E-15   9.920490E-16   0.1919
 1275.6931   0.1826   5.170248E-15   1.056054E-15   0.2043
 1275.7230   0.2124   5.172248E-15   1.248448E-15   0.2414
 1275.7530   0.2250   5.174932E-15   1.443487E-15   0.2789
 1275.7829   0.2169   5.178298E-15   1.311072E-15   0.2532
 1275.8128   0.1926   5.182367E-15   9.888373E-16   0.1908
 1275.8427   0.1610   5.187156E-15   1.499297E-15   0.2890
 1275.8726   0.1309   5.192680E-15   4.673438E-16   0.0900
 1275.9025   0.1073   5.198952E-15   1.113847E-15   0.2142
 1275.9324   0.0915   5.205989E-15   6.628320E-16   0.1273
 1275.9623   0.0822   5.213805E-15   4.712959E-16   0.0904
 1275.9922   0.0773   5.222410E-15   5.339296E-16   0.1022
 1276.0221   0.0749   5.231793E-15   4.030414E-16   0.0770
 1276.0520   0.0738   5.241938E-15   4.846985E-16   0.0925
 1276.0820   0.0734   5.252866E-15   4.054781E-16   0.0772
 1276.1119   0.0732   5.264488E-15   4.729616E-16   0.0898
 1276.1418   0.0731   5.276824E-15   2.100108E-16   0.0398
 1276.1717   0.0731   5.289856E-15   2.725022E-16   0.0515
 1276.2016   0.0731   5.303569E-15   5.454737E-16   0.1029
 1276.2315   0.0731   5.317947E-15   4.019203E-16   0.0756
 1276.2614   0.0731   5.332973E-15   5.943721E-16   0.1115
 1276.2913   0.0731   5.348631E-15   2.097474E-16   0.0392
 1276.3212   0.0731   5.364906E-15   5.322849E-16   0.0992
 1276.3511   0.0731   5.381779E-15   3.384248E-16   0.0629
 1276.3810   0.0731   5.399237E-15   4.699146E-16   0.0870
 1276.4110   0.0732   5.417323E-15   7.286700E-16   0.1345
 1276.4409   0.0735   5.435900E-15   5.330737E-16   0.0981
 1276.4708   0.0740   5.455013E-15   4.729102E-16   0.0867
 1276.5007   0.0750   5.474644E-15   6.652008E-16   0.1215
 1276.5306   0.0774   5.494777E-15   3.388995E-16   0.0617
 1276.5605   0.0821   5.515397E-15   9.328647E-16   0.1691
 1276.5904   0.0914   5.536487E-15   9.650990E-16   0.1743
 1276.6203   0.1083   5.558030E-15   9.945439E-16   0.1789
 1276.6502   0.1363   5.580011E-15   1.307443E-15   0.2343
 1276.6801   0.1789   5.602414E-15   1.472600E-15   0.2629
 1276.7100   0.2382   5.625222E-15   1.370579E-15   0.2436
 1276.7400   0.3135   5.648496E-15   1.777924E-15   0.3148
 1276.7699   0.4009   5.672067E-15   2.885328E-15   0.5087
 1276.7998   0.4947   5.695994E-15   3.230929E-15   0.5672
 1276.8297   0.5881   5.720262E-15   5.316423E-15   0.9294
 1276.8596   0.6750   5.744854E-15   4.802637E-15   0.8360
 1276.8895   0.7513   5.769753E-15   5.149939E-15   0.8926
 1276.9194   0.8145   5.794944E-15   6.218068E-15   1.0730
 1276.9493   0.8635   5.820411E-15   6.395180E-15   1.0988
 1276.9792   0.8978   5.846137E-15   5.115531E-15   0.8750
 1277.0091   0.9155   5.872106E-15   6.013610E-15   1.0241
 1277.0390   0.9126   5.898302E-15   6.567097E-15   1.1134
 1277.0690   0.8813   5.924798E-15   5.215749E-15   0.8803
 1277.0989   0.8122   5.951399E-15   5.058714E-15   0.8500
 1277.1288   0.6998   5.978179E-15   4.256002E-15   0.7119
 1277.1587   0.5525   6.005121E-15   3.389029E-15   0.5644
 1277.1886   0.3992   6.032209E-15   3.052072E-15   0.5060
 1277.2185   0.2761   6.059426E-15   2.857323E-15   0.4716
 1277.2484   0.2019   6.086757E-15   1.965854E-15   0.3230
 1277.2783   0.1684   6.114185E-15   1.233760E-15   0.2018
 1277.3082   0.1564   6.141694E-15   7.591934E-16   0.1236
 1277.3381   0.1522   6.169267E-15   8.981116E-16   0.1456
 1277.3680   0.1500   6.196890E-15   4.681420E-16   0.0755
 1277.3979   0.1480   6.224544E-15   1.683638E-15   0.2705
 1277.4279   0.1456   6.252307E-15   7.126881E-16   0.1140
 1277.4578   0.1427   6.279978E-15   7.803493E-16   0.1243
 1277.4877   0.1391   6.307632E-15   9.211314E-16   0.1460
 1277.5176   0.1349   6.335254E-15   1.057196E-15   0.1669
 1277.5475   0.1306   6.362827E-15   1.161126E-15   0.1825
 1277.5774   0.1283   6.390335E-15   7.409474E-16   0.1159
 1277.6073   0.1335   6.417762E-15   6.368655E-16   0.0992
 1277.6372   0.1560   6.445091E-15   7.824042E-16   0.1214
 1277.6671   0.2024   6.472307E-15   1.690988E-15   0.2613
 1277.6970   0.2647   6.499393E-15   1.552895E-15   0.2389
 1277.7269   0.3215   6.526333E-15   2.239517E-15   0.3432
 1277.7569   0.3547   6.553201E-15   2.239519E-15   0.3417
 1277.7868   0.3609   6.579800E-15   3.044818E-15   0.4628
 1277.8167   0.3485   6.606204E-15   2.126472E-15   0.3219
 1277.8466   0.3279   6.632398E-15   2.211715E-15   0.3335
 1277.8765   0.3066   6.658364E-15   2.358533E-15   0.3542
 1277.9064   0.2886   6.684088E-15   2.530420E-15   0.3786
 1277.9363   0.2749   6.709551E-15   1.233941E-15   0.1839
 1277.9662   0.2653   6.734739E-15   1.248458E-15   0.1854
 1277.9961   0.2591   6.759636E-15   1.083218E-15   0.1602
 1278.0260   0.2552   6.784224E-15   1.167311E-15   0.1721
 1278.0559   0.2529   6.808488E-15   1.030950E-15   0.1514
 1278.0859   0.2515   6.832490E-15   1.514185E-15   0.2216
 1278.1158   0.2508   6.856056E-15   9.870146E-16   0.1440
 1278.1457   0.2504   6.879248E-15   1.191425E-15   0.1732
 1278.1756   0.2501   6.902052E-15   2.450817E-15   0.3551
 1278.2055   0.2500   6.924450E-15   1.575398E-15   0.2275
 1278.2354   0.2499   6.946426E-15   2.025025E-15   0.2915
 1278.2653   0.2499   6.967965E-15   1.654733E-15   0.2375
 1278.2952   0.2499   6.989049E-15   1.564256E-15   0.2238
 1278.3251   0.2499   7.009663E-15   1.444472E-15   0.2061
 1278.3550   0.2498   7.029791E-15   1.760231E-15   0.2504
 1278.3849   0.2498   7.049417E-15   1.770269E-15   0.2511
 1278.4149   0.2498   7.068586E-15   1.617239E-15   0.2288
 1278.4448   0.2498   7.087156E-15   1.072745E-15   0.1514
 1278.4747   0.2499   7.105175E-15   1.750115E-15   0.2463
 1278.5046   0.2499   7.122626E-15   2.726816E-15   0.3828
 1278.5345   0.2499   7.139493E-15   1.603137E-15   0.2245
 1278.5644   0.2499   7.155760E-15   1.978005E-15   0.2764
 1278.5943   0.2500   7.171411E-15   1.453643E-15   0.2027
 1278.6242   0.2501   7.186430E-15   1.526195E-15   0.2124
 1278.6541   0.2504   7.200801E-15   1.678377E-15   0.2331
 1278.6840   0.2508   7.214507E-15   1.979440E-15   0.2744
 1278.7139   0.2516   7.227531E-15   2.211318E-15   0.3060
 1278.7439   0.2530   7.239899E-15   2.505568E-15   0.3461
 1278.7738   0.2554   7.251511E-15   2.209541E-15   0.3047
 1278.8037   0.2595   7.262393E-15   1.536252E-15   0.2115
 1278.8336   0.2661   7.272530E-15   2.139507E-15   0.2942
 1278.8635   0.2763   7.281904E-15   2.437654E-15   0.3348
 1278.8934   0.2915   7.290500E-15   2.365998E-15   0.3245
 1278.9233   0.3130   7.298302E-15   2.288284E-15   0.3135
 1278.9532   0.3416   7.305294E-15   1.764054E-15   0.2415
 1278.9831   0.3779   7.311463E-15   3.040252E-15   0.4158
 1279.0130   0.4217   7.316822E-15   2.435457E-15   0.3329
 1279.0429   0.4719   7.321386E-15   2.132762E-15   0.2913
 1279.0729   0.5270   7.325183E-15   3.565335E-15   0.4867
 1279.1028   0.5843   7.328204E-15   3.481651E-15   0.4751
 1279.1327   0.6417   7.330478E-15   5.208120E-15   0.7105
 1279.1626   0.6971   7.332021E-15   5.509851E-15   0.7515
 1279.1925   0.7485   7.332851E-15   6.261706E-15   0.8539
 1279.2224   0.7949   7.332982E-15   6.931596E-15   0.9453
 1279.2523   0.8355   7.332431E-15   6.112451E-15   0.8336
 1279.2822   0.8701   7.331214E-15   6.102346E-15   0.8324
 1279.3121   0.8989   7.329347E-15   6.490335E-15   0.8855
 1279.3420   0.9224   7.326846E-15   6.480641E-15   0.8845
 1279.3719   0.9412   7.323727E-15   6.937104E-15   0.9472
 1279.4019   0.9560   7.319994E-15   5.883797E-15   0.8038
 1279.4318   0.9675   7.315685E-15   6.542730E-15   0.8943
 1279.4617   0.9762   7.310808E-15   6.679947E-15   0.9137
 1279.4916   0.9828   7.305377E-15   7.691245E-15   1.0528
 1279.5215   0.9876   7.299409E-15   7.689029E-15   1.0534
 1279.5514   0.9911   7.292919E-15   6.975358E-15   0.9565
 1279.5813   0.9932   7.285924E-15   8.621419E-15   1.1833
 1279.6112   0.9932   7.278440E-15   8.063121E-15   1.1078
 1279.6411   0.9879   7.270483E-15   7.615601E-15   1.0475
 1279.6710   0.9697   7.262069E-15   5.800428E-15   0.7987
 1279.7009   0.9248   7.253214E-15   7.518988E-15   1.0366
 1279.7309   0.8400   7.243902E-15   5.919356E-15   0.8172
 1279.7608   0.7233   7.234213E-15   5.375015E-15   0.7430
 1279.7907   0.6101   7.224130E-15   5.385758E-15   0.7455
 1279.8206   0.5332   7.213671E-15   3.815805E-15   0.5290
 1279.8505   0.4949   7.202852E-15   3.557819E-15   0.4939
 1279.8804   0.4813   7.191688E-15   4.274038E-15   0.5943
 1279.9103   0.4831   7.180196E-15   3.096212E-15   0.4312
 1279.9402   0.5017   7.168391E-15   2.632932E-15   0.3673
 1279.9701   0.5486   7.156291E-15   4.565327E-15   0.6379
 1280.0000   0.6361   7.143910E-15   5.032831E-15   0.7045
 1280.0299   0.7544   7.131266E-15   5.545831E-15   0.7777
 1280.0599   0.8662   7.118330E-15   5.283218E-15   0.7422
 1280.0898   0.9408   7.105205E-15   5.720345E-15   0.8051
 1280.1197   0.9783   7.091864E-15   7.185711E-15   1.0132
 1280.1496   0.9933   7.078324E-15   6.263926E-15   0.8849
 1280.1795   0.9982   7.064600E-15   6.507639E-15   0.9212
 1280.2094   0.9996   7.050709E-15   5.686626E-15   0.8065
 1280.2393   0.9999   7.036666E-15   5.631202E-15   0.8003
 1280.2692   1.0000   7.022488E-15   6.947798E-15   0.9894
 1280.2991   1.0000   7.008191E-15   6.373719E-15   0.9095
 1280.3290   1.0000   6.993790E-15   7.242995E-15   1.0356
 1280.3589   1.0000   6.979303E-15   5.005116E-15   0.7171
 1280.3889   1.0000   6.964695E-15   6.680355E-15   0.9592
 1280.4188   1.0000   6.950082E-15   5.762400E-15   0.8291
 1280.4487   1.0000   6.935429E-15   5.478019E-15   0.7899
 1280.4786   1.0000   6.920754E-15   5.145093E-15   0.7434
 1280.5085   1.0000   6.906073E-15   5.454443E-15   0.7898
 1280.5384   1.0000   6.891401E-15   4.756692E-15   0.6902
 1280.5683   1.0000   6.876754E-15   4.672260E-15   0.6794
 1280.5982   1.0000   6.862149E-15   4.392667E-15   0.6401
 1280.6281   1.0000   6.847601E-15   2.169073E-15   0.3168
 1280.6580   1.0000   6.833128E-15   2.621524E-15   0.3836
 1280.6879   1.0000   6.818744E-15   1.535065E-15   0.2251
 1280.7179   1.0000   6.804419E-15   1.673221E-15   0.2459
 1280.7478   1.0000   6.790263E-15   2.153526E-15   0.3171
 1280.7777   1.0000   6.776246E-15   2.919102E-15   0.4308
 1280.8076   1.0000   6.762383E-15   4.835882E-15   0.7151
 1280.8375   1.0000   6.748690E-15   5.316414E-15   0.7878
 1280.8674   1.0000   6.735184E-15   5.603036E-15   0.8319
 1280.8973   1.0000   6.721880E-15   6.961531E-15   1.0357
 1280.9272   1.0000   6.708794E-15   5.963973E-15   0.8890
 1280.9571   1.0000   6.695943E-15   7.172896E-15   1.0712
 1280.9870   1.0000   6.683343E-15   6.568337E-15   0.9828
 1281.0169   1.0000   6.671010E-15   6.649459E-15   0.9968
 1281.0469   1.0000   6.658919E-15   7.023624E-15   1.0548
 1281.0768   1.0000   6.647169E-15   6.939362E-15   1.0440
 1281.1067   1.0000   6.635733E-15   5.685163E-15   0.8567
 1281.1366   1.0000   6.624628E-15   8.773312E-15   1.3243
 1281.1665   1.0000   6.613871E-15   8.657613E-15   1.3090
 1281.1964   1.0000   6.603477E-15   6.116963E-15   0.9263
 1281.2263   1.0000   6.593463E-15   7.182134E-15   1.0893
 1281.2562   1.0000   6.583843E-15   6.742423E-15   1.0241
 1281.2861   1.0000   6.574636E-15   7.307300E-15   1.1114
 1281.3160   1.0000   6.565856E-15   6.792296E-15   1.0345
 1281.3459   1.0000   6.557519E-15   5.411338E-15   0.8252
 1281.3759   1.0000   6.549617E-15   5.600765E-15   0.8551
 1281.4058   1.0000   6.542218E-15   7.045985E-15   1.0770
 1281.4357   0.9999   6.535310E-15   6.288395E-15   0.9622
 1281.4656   0.9999   6.528911E-15   6.961828E-15   1.0663
 1281.4955   0.9998   6.523036E-15   7.048771E-15   1.0806
 1281.5254   0.9995   6.517701E-15   4.851682E-15   0.7444
 1281.5553   0.9991   6.512923E-15   7.056158E-15   1.0834
 1281.5852   0.9984   6.508716E-15   7.914565E-15   1.2160
 1281.6151   0.9970   6.505098E-15   6.771893E-15   1.0410
 1281.6450   0.9946   6.502085E-15   6.572035E-15   1.0108
 1281.6749   0.9907   6.499692E-15   6.576562E-15   1.0118
 1281.7049   0.9841   6.497931E-15   8.401276E-15   1.2929
 1281.7348   0.9737   6.496830E-15   5.517748E-15   0.8493
 1281.7647   0.9577   6.496398E-15   6.100664E-15   0.9391
 1281.7946   0.9339   6.496651E-15   6.297561E-15   0.9694
 1281.8245   0.8997   6.497604E-15   6.399188E-15   0.9849
 1281.8544   0.8526   6.499275E-15   6.399862E-15   0.9847
 1281.8843   0.7908   6.501679E-15   5.807125E-15   0.8932
 1281.9142   0.7141   6.504833E-15   4.659944E-15   0.7164
 1281.9441   0.6245   6.508751E-15   3.520099E-15   0.5408
 1281.9740   0.5267   6.513446E-15   3.419025E-15   0.5249
 1282.0039   0.4278   6.518908E-15   1.592581E-15   0.2443
 1282.0339   0.3352   6.525145E-15   1.208386E-15   0.1852
 1282.0638   0.2561   6.532101E-15   7.239766E-16   0.1108
 1282.0937   0.1936   6.539781E-15   8.178897E-16   0.1251
 1282.1236   0.1481   6.548170E-15   9.181148E-16   0.1402
 1282.1535   0.1172   6.557255E-15   8.180474E-16   0.1248
 1282.1834   0.0975   6.567022E-15   1.108842E-15   0.1689
 1282.2133   0.0855   6.577455E-15   5.481439E-16   0.0833
 1282.2432   0.0784   6.588540E-15   5.355262E-16   0.0813
 1282.2731   0.0743   6.600264E-15   2.607014E-16   0.0395
 1282.3030   0.0720   6.612611E-15   9.241485E-16   0.1398
 1282.3329   0.0709   6.625568E-15   7.292978E-16   0.1101
 1282.3629   0.0706   6.639167E-15   7.306794E-16   0.1101
 1282.3928   0.0711   6.653302E-15   5.410475E-16   0.0813
 1282.4227   0.0725   6.668004E-15   9.244841E-16   0.1386
 1282.4526   0.0751   6.683258E-15   6.339985E-16   0.0949
 1282.4825   0.0798   6.699050E-15   2.610445E-16   0.0390
 1282.5124   0.0880   6.715365E-15   3.586039E-16   0.0534
 1282.5423   0.1015   6.732190E-15   6.466748E-16   0.0961
 1282.5722   0.1231   6.749509E-15   4.388753E-16   0.0650
 1282.6021   0.1554   6.767309E-15   5.484150E-16   0.0810
 1282.6320   0.2001   6.785576E-15   1.312487E-15   0.1934
 1282.6619   0.2562   6.804294E-15   1.592812E-15   0.2341
 1282.6919   0.3194   6.823515E-15   1.981447E-15   0.2904
 1282.7218   0.3809   6.843096E-15   2.847837E-15   0.4162
 1282.7517   0.4308   6.863086E-15   2.458948E-15   0.3583
 1282.7816   0.4605   6.883471E-15   2.940952E-15   0.4272
 1282.8115   0.4653   6.904236E-15   2.362186E-15   0.3421
 1282.8414   0.4456   6.925366E-15   3.140292E-15   0.4534
 1282.8713   0.4063   6.946849E-15   3.229365E-15   0.4649
 1282.9012   0.3549   6.968669E-15   2.179708E-15   0.3128
 1282.9311   0.2996   6.990812E-15   1.593301E-15   0.2279
 1282.9610   0.2468   7.013264E-15   9.191607E-16   0.1311
 1282.9909   0.2011   7.036010E-15   1.016627E-15   0.1445
 1283.0209   0.1643   7.059114E-15   1.304793E-15   0.1848
 1283.0508   0.1366   7.082407E-15   8.205387E-16   0.1159
 1283.0807   0.1167   7.105952E-15   5.321746E-16   0.0749
 1283.1106   0.1030   7.129733E-15   3.361771E-16   0.0472
 1283.1405   0.0939   7.153738E-15   3.521811E-16   0.0492
 1283.1704   0.0879   7.177950E-15   4.476176E-16   0.0624
 1283.2003   0.0841   7.202357E-15   5.303308E-16   0.0736
 1283.2302   0.0817   7.226944E-15   4.467841E-16   0.0618
 1283.2601   0.0802   7.251696E-15   4.500774E-16   0.0621
 1283.2900   0.0795   7.276600E-15   5.738774E-16   0.0789
 1283.3199   0.0793   7.301640E-15   5.153182E-16   0.0706
 1283.3499   0.0796   7.326888E-15   7.452482E-16   0.1017
 1283.3798   0.0804   7.352159E-15   9.023520E-16   0.1227
 1283.4097   0.0820   7.377525E-15   5.937065E-16   0.0805
 1283.4396   0.0846   7.402970E-15   2.531324E-16   0.0342
 1283.4695   0.0887   7.428480E-15   4.755717E-16   0.0640
 1283.4994   0.0952   7.454041E-15   4.975521E-16   0.0667
 1283.5293   0.1050   7.479639E-15   5.654705E-16   0.0756
 1283.5592   0.1198   7.505259E-15   9.012698E-16   0.1201
 1283.5891   0.1414   7.530887E-15   1.867697E-16   0.0248
 1283.6190   0.1717   7.556508E-15   1.423844E-15   0.1884
 1283.6489   0.2123   7.582109E-15   1.752688E-15   0.2312
 1283.6789   0.2644   7.607761E-15   1.806071E-15   0.2374
 1283.7088   0.3274   7.633277E-15   1.633631E-15   0.2140
 1283.7387   0.3997   7.658730E-15   1.397555E-15   0.1825
 1283.7686   0.4779   7.684104E-15   2.745778E-15   0.3573
 1283.7985   0.5582   7.709387E-15   2.464048E-15   0.3196
 1283.8284   0.6363   7.734563E-15   2.748375E-15   0.3553
 1283.8583   0.7087   7.759617E-15   3.730935E-15   0.4808
 1283.8882   0.7727   7.784537E-15   4.685543E-15   0.6019
 1283.9181   0.8271   7.809307E-15   6.324811E-15   0.8099
 1283.9480   0.8714   7.833913E-15   6.122409E-15   0.7815
 1283.9779   0.9060   7.858341E-15   6.998074E-15   0.8905
 1284.0079   0.9319   7.882657E-15   4.963129E-15   0.6296
 1284.0378   0.9490   7.906684E-15   6.708940E-15   0.8485
 1284.0677   0.9572   7.930491E-15   6.428801E-15   0.8106
 1284.0976   0.9542   7.954062E-15   6.528087E-15   0.8207
 1284.1275   0.9358   7.977383E-15   6.525791E-15   0.8180
 1284.1574   0.8954   8.000440E-15   5.359807E-15   0.6699
 1284.1873   0.8261   8.023218E-15   5.070926E-15   0.6320
 1284.2172   0.7252   8.045703E-15   5.177607E-15   0.6435
 1284.2471   0.5993   8.067882E-15   4.885168E-15   0.6055
 1284.2770   0.4666   8.089739E-15   3.727359E-15   0.4608
 1284.3069   0.3500   8.111260E-15   2.078044E-15   0.2562
 1284.3369   0.2646   8.132501E-15   2.570677E-15   0.3161
 1284.3668   0.2122   8.153306E-15   1.409890E-15   0.1729
 1284.3967   0.1838   8.173733E-15   1.405590E-15   0.1720
 1284.4266   0.1697   8.193766E-15   1.323608E-15   0.1615
 1284.4565   0.1628   8.213392E-15   1.113771E-15   0.1356
 1284.4864   0.1594   8.232596E-15   1.117117E-15   0.1357
 1284.5163   0.1583   8.251364E-15   6.323803E-16   0.0766
 1284.5462   0.1595   8.269682E-15   1.021423E-15   0.1235
 1284.5761   0.1648   8.287535E-15   1.212778E-15   0.1463
 1284.6060   0.1783   8.304909E-15   1.605241E-15   0.1933
 1284.6359   0.2065   8.321790E-15   1.214938E-15   0.1460
 1284.6659   0.2565   8.338217E-15   1.984456E-15   0.2380
 1284.6958   0.3291   8.354066E-15   2.377744E-15   0.2846
 1284.7257   0.4142   8.369379E-15   3.449749E-15   0.4122
 1284.7556   0.4924   8.384141E-15   4.011473E-15   0.4785
 1284.7855   0.5462   8.398339E-15   4.796810E-15   0.5712
 1284.8154   0.5684   8.411957E-15   5.573861E-15   0.6626
 1284.8453   0.5627   8.424981E-15   4.997173E-15   0.5931
 1284.8752   0.5376   8.437398E-15   4.605455E-15   0.5458
 1284.9051   0.5021   8.449192E-15   4.128574E-15   0.4886
 1284.9350   0.4631   8.460349E-15   3.344861E-15   0.3954
 1284.9649   0.4250   8.470860E-15   3.258047E-15   0.3846
 1284.9949   0.3902   8.480757E-15   2.474354E-15   0.2918
 1285.0248   0.3601   8.489984E-15   2.572067E-15   0.3030
 1285.0547   0.3350   8.498579E-15   3.047494E-15   0.3586
 1285.0846   0.3148   8.506550E-15   2.175449E-15   0.2557
 1285.1145   0.2989   8.513903E-15   1.693514E-15   0.1989
 1285.1444   0.2866   8.520646E-15   1.115791E-15   0.1310
 1285.1743   0.2775   8.526784E-15   2.276967E-15   0.2670
 1285.2042   0.2707   8.532325E-15   2.963222E-15   0.3473
 1285.2341   0.2657   8.537275E-15   2.183421E-15   0.2558
 1285.2640   0.2621   8.541641E-15   1.884825E-15   0.2207
 1285.2939   0.2596   8.545429E-15   1.784722E-15   0.2089
 1285.3239   0.2578   8.548656E-15   1.890466E-15   0.2211
 1285.3538   0.2565   8.551307E-15   2.760259E-15   0.3228
 1285.3837   0.2557   8.553400E-15   2.179940E-15   0.2549
 1285.4136   0.2552   8.554943E-15   2.181764E-15   0.2550
 1285.4435   0.2549   8.555942E-15   2.765064E-15   0.3232
 1285.4734   0.2549   8.556403E-15   3.450544E-15   0.4033
 1285.5033   0.2551   8.556333E-15   3.446221E-15   0.4028
 1285.5332   0.2555   8.555739E-15   2.088178E-15   0.2441
 1285.5631   0.2563   8.554627E-15   1.987338E-15   0.2323
 1285.5930   0.2575   8.553005E-15   3.738774E-15   0.4371
 1285.6229   0.2591   8.550878E-15   2.476130E-15   0.2896
 1285.6529   0.2615   8.548245E-15   2.191186E-15   0.2563
 1285.6828   0.2648   8.545128E-15   2.965794E-15   0.3471
 1285.7127   0.2694   8.541527E-15   2.773168E-15   0.3247
 1285.7426   0.2757   8.537449E-15   3.738104E-15   0.4378
 1285.7725   0.2843   8.532900E-15   2.284054E-15   0.2677
 1285.8024   0.2958   8.527887E-15   2.778390E-15   0.3258
 1285.8323   0.3108   8.522416E-15   2.866949E-15   0.3364
 1285.8622   0.3301   8.516495E-15   3.846069E-15   0.4516
 1285.8921   0.3542   8.510129E-15   3.551750E-15   0.4174
 1285.9220   0.3834   8.503326E-15   3.844251E-15   0.4521
 1285.9519   0.4179   8.496092E-15   4.414887E-15   0.5196
 1285.9819   0.4574   8.488408E-15   2.966405E-15   0.3495
 1286.0118   0.5010   8.480331E-15   3.554047E-15   0.4191
 1286.0417   0.5478   8.471843E-15   4.228702E-15   0.4991
 1286.0716   0.5964   8.462952E-15   4.520015E-15   0.5341
 1286.1015   0.6454   8.453662E-15   3.552686E-15   0.4203
 1286.1314   0.6933   8.443982E-15   4.744429E-15   0.5619
 1286.1613   0.7388   8.433918E-15   5.589746E-15   0.6628
 1286.1912   0.7809   8.423477E-15   7.494846E-15   0.8898
 1286.2211   0.8190   8.412665E-15   8.032422E-15   0.9548
 1286.2510   0.8526   8.401488E-15   7.376104E-15   0.8780
 1286.2809   0.8815   8.389954E-15   8.130251E-15   0.9690
 1286.3109   0.9061   8.378030E-15   9.189506E-15   1.0969
 1286.3408   0.9265   8.365800E-15   7.125010E-15   0.8517
 1286.3707   0.9431   8.353233E-15   9.937383E-15   1.1896
 1286.4006   0.9565   8.340335E-15   7.012644E-15   0.8408
 1286.4305   0.9671   8.327113E-15   1.049495E-14   1.2603
 1286.4604   0.9754   8.313574E-15   9.784795E-15   1.1770
 1286.4903   0.9818   8.299724E-15   9.533488E-15   1.1487
 1286.5202   0.9866   8.285569E-15   9.203684E-15   1.1108
 1286.5501   0.9903   8.271118E-15   9.702553E-15   1.1731
 1286.5800   0.9930   8.256376E-15   9.078410E-15   1.0996
 1286.6099   0.9950   8.241349E-15   9.479037E-15   1.1502
 1286.6399   0.9963   8.225994E-15   8.602440E-15   1.0458
 1286.6698   0.9968   8.210419E-15   6.951283E-15   0.8466
 1286.6997   0.9954   8.194580E-15   7.048159E-15   0.8601
 1286.7296   0.9893   8.178483E-15   7.643797E-15   0.9346
 1286.7595   0.9723   8.162136E-15   8.117749E-15   0.9946
 1286.7894   0.9351   8.145544E-15   8.222568E-15   1.0095
 1286.8193   0.8705   8.128716E-15   6.666664E-15   0.8201
 1286.8492   0.7840   8.111656E-15   6.164830E-15   0.7600
 1286.8791   0.6962   8.094373E-15   5.296388E-15   0.6543
 1286.9090   0.6292   8.076872E-15   4.612252E-15   0.5710
 1286.9389   0.5920   8.059161E-15   3.354666E-15   0.4163
 1286.9689   0.5838   8.041186E-15   4.719497E-15   0.5869
 1286.9988   0.6038   8.023072E-15   5.501545E-15   0.6857
 1287.0287   0.6536   8.004768E-15   4.920801E-15   0.6147
 1287.0586   0.7312   7.986280E-15   5.701317E-15   0.7139
 1287.0885   0.8215   7.967615E-15   8.625375E-15   1.0826
 1287.1184   0.9009   7.948779E-15   5.714459E-15   0.7189
 1287.1483   0.9542   7.929779E-15   7.849103E-15   0.9898
 1287.1782   0.9821   7.910622E-15   7.175470E-15   0.9071
 1287.2081   0.9941   7.891314E-15   9.421757E-15   1.1939
 1287.2380   0.9983   7.871863E-15   9.029873E-15   1.1471
 1287.2679   0.9996   7.852274E-15   7.948269E-15   1.0122
 1287.2979   0.9999   7.832488E-15   9.330174E-15   1.1912
 1287.3278   1.0000   7.812644E-15   7.169020E-15   0.9176
 1287.3577   1.0000   7.792683E-15   8.633051E-15   1.1078
 1287.3876   1.0000   7.772611E-15   8.533755E-15   1.0979
 1287.4175   1.0000   7.752435E-15   6.771736E-15   0.8735
 1287.4474   1.0000   7.732162E-15   6.682302E-15   0.8642
 1287.4773   1.0000   7.711798E-15   8.256791E-15   1.0707
 1287.5072   1.0000   7.691351E-15   6.789447E-15   0.8827
 1287.5371   1.0000   7.670826E-15   8.496168E-15   1.1076
 1287.5670   1.0000   7.650230E-15   9.059115E-15   1.1842
 1287.5969   1.0000   7.629571E-15   5.832063E-15   0.7644
 1287.6269   1.0000   7.608785E-15   8.070199E-15   1.0606
 1287.6568   1.0000   7.588018E-15   6.791263E-15   0.8950
 1287.6867   1.0000   7.567207E-15   7.662431E-15   1.0126
 1287.7166   1.0000   7.546358E-15   6.742220E-15   0.8934
 1287.7465   1.0000   7.525479E-15   7.783525E-15   1.0343
 1287.7764   1.0000   7.504576E-15   7.068166E-15   0.9418
 1287.8063   1.0000   7.483656E-15   6.066662E-15   0.8107
 1287.8362   1.0000   7.462726E-15   8.738372E-15   1.1709
 1287.8661   1.0000   7.441791E-15   8.101175E-15   1.0886
 1287.8960   1.0000   7.420860E-15   5.632493E-15   0.7590
 1287.9259   1.0000   7.399937E-15   7.899150E-15   1.0675
 1287.9559   1.0000   7.378961E-15   8.645261E-15   1.1716
 1287.9858   1.0000   7.358073E-15   6.154490E-15   0.8364
 1288.0157   1.0000   7.337206E-15   6.981035E-15   0.9515
 1288.0456   1.0000   7.316364E-15   7.124213E-15   0.9737
 1288.0755   1.0000   7.295548E-15   7.840336E-15   1.0747
 1288.1054   1.0000   7.274761E-15   5.094149E-15   0.7002
 1288.1353   1.0000   7.254007E-15   6.452886E-15   0.8896
 1288.1652   1.0000   7.233286E-15   8.551565E-15   1.1823
 1288.1951   1.0000   7.212603E-15   7.722245E-15   1.0707
 1288.2250   1.0000   7.191960E-15   7.018258E-15   0.9758
 1288.2549   1.0000   7.171359E-15   7.231849E-15   1.0084
 1288.2849   1.0000   7.150734E-15   7.122549E-15   0.9961
 1288.3148   1.0000   7.130226E-15   6.166466E-15   0.8648
 1288.3447   1.0000   7.109768E-15   5.862521E-15   0.8246
 1288.3746   1.0000   7.089363E-15   6.651509E-15   0.9382
 1288.4045   1.0000   7.069013E-15   5.872076E-15   0.8307
 1288.4344   1.0000   7.048721E-15   6.791426E-15   0.9635
 1288.4643   1.0000   7.028491E-15   6.284597E-15   0.8942
 1288.4942   1.0000   7.008323E-15   5.807089E-15   0.8286
 1288.5241   1.0000   6.988222E-15   6.124451E-15   0.8764
 1288.5540   1.0000   6.968189E-15   7.555677E-15   1.0843
 1288.5839   1.0000   6.948227E-15   5.982047E-15   0.8609
 1288.6139   1.0000   6.928273E-15   5.436360E-15   0.7847
 1288.6438   1.0000   6.908462E-15   6.742118E-15   0.9759
 1288.6737   1.0000   6.888730E-15   6.602733E-15   0.9585
 1288.7036   1.0000   6.869080E-15   5.400487E-15   0.7862
 1288.7335   1.0000   6.849514E-15   6.445165E-15   0.9410
 1288.7634   1.0000   6.830035E-15   6.325877E-15   0.9262
 1288.7933   1.0000   6.810645E-15   7.718502E-15   1.1333
 1288.8232   1.0000   6.791348E-15   7.246483E-15   1.0670
 1288.8531   1.0000   6.772146E-15   5.973623E-15   0.8821
 1288.8830   1.0000   6.753041E-15   6.460383E-15   0.9567
 1288.9129   1.0000   6.734036E-15   5.814233E-15   0.8634
 1288.9429   1.0000   6.715071E-15   7.687937E-15   1.1449
 1288.9728   1.0000   6.696275E-15   6.813638E-15   1.0175
