   3   670
 0.9276250
 0.9244564
 0.9211872
 0.9178164
 0.9143314
 0.9107546
 0.9070738
 0.9032886
 0.8993986
 0.8954034
 0.8913031
 0.8870976
 0.8827873
 0.8783725
 0.8738538
 0.8692163
 0.8644918
 0.8596661
 0.8547407
 0.8497168
 0.8445963
 0.8393808
 0.8340726
 0.8286738
 0.8231868
 0.8176143
 0.8119399
 0.8062046
 0.8003925
 0.7945072
 0.7885520
 0.7825307
 0.7764469
 0.7703048
 0.7641083
 0.7578617
 0.7515694
 0.7452146
 0.7388442
 0.7324419
 0.7260124
 0.7195606
 0.7130913
 0.7066097
 0.7001207
 0.6936293
 0.6871407
 0.6806600
 0.6741707
 0.6677211
 0.6612948
 0.6548968
 0.6485320
 0.6422056
 0.6359224
 0.6296873
 0.6235051
 0.6173804
 0.6113180
 0.6053024
 0.5993782
 0.5935295
 0.5877605
 0.5820753
 0.5764779
 0.5709721
 0.5655616
 0.5602501
 0.5550409
 0.5499374
 0.5449262
 0.5400439
 0.5352764
 0.5306265
 0.5260968
 0.5216899
 0.5174081
 0.5132538
 0.5092289
 0.5053356
 0.5015756
 0.4979390
 0.4944515
 0.4911024
 0.4878931
 0.4848251
 0.4818994
 0.4791173
 0.4764798
 0.4739879
 0.4716426
 0.4694445
 0.4673880
 0.4654873
 0.4637360
 0.4621346
 0.4606836
 0.4593835
 0.4582347
 0.4572374
 0.4563919
 0.4556986
 0.4551575
 0.4547679
 0.4545323
 0.4544492
 0.4545188
 0.4547410
 0.4551158
 0.4556429
 0.4563223
 0.4571538
 0.4581371
 0.4592720
 0.4605626
 0.4620000
 0.4635878
 0.4653255
 0.4672126
 0.4692483
 0.4714321
 0.4737631
 0.4762406
 0.4788637
 0.4816313
 0.4845523
 0.4876061
 0.4908010
 0.4941356
 0.4976085
 0.5012180
 0.5049625
 0.5088402
 0.5128493
 0.5169876
 0.5212530
 0.5256582
 0.5301713
 0.5348043
 0.5395544
 0.5444190
 0.5493950
 0.5544792
 0.5596686
 0.5649597
 0.5703490
 0.5758328
 0.5814261
 0.5870877
 0.5928320
 0.5986549
 0.6045520
 0.6105189
 0.6165510
 0.6226437
 0.6287922
 0.6349915
 0.6412369
 0.6475442
 0.6538663
 0.6602191
 0.6665971
 0.6729952
 0.6794080
 0.6858300
 0.6922560
 0.6986805
 0.7050982
 0.7115035
 0.7179125
 0.7242770
 0.7306132
 0.7369158
 0.7431796
 0.7493994
 0.7555703
 0.7616872
 0.7677452
 0.7737397
 0.7796659
 0.7855388
 0.7913148
 0.7970093
 0.8026183
 0.8081376
 0.8135635
 0.8188923
 0.8241205
 0.8292446
 0.8342616
 0.8391683
 0.8439777
 0.8486550
 0.8532140
 0.8576522
 0.8619674
 0.8661577
 0.8702210
 0.8741557
 0.8779602
 0.8816331
 0.8851731
 0.8885903
 0.8918609
 0.8949957
 0.8979940
 0.9008552
 0.9035789
 0.9061648
 0.9086125
 0.9109221
 0.9130935
 0.9151269
 0.9170285
 0.9187859
 0.9204062
 0.9218897
 0.9232370
 0.9244487
 0.9255256
 0.9264682
 0.9272775
 0.9279544
 0.9284997
 0.9289156
 0.9292004
 0.9293568
 0.9293858
 0.9292888
 0.9290669
 0.9287214
 0.9282536
 0.9276649
 0.9269567
 0.9261304
 0.9251841
 0.9241258
 0.9229540
 0.9216704
 0.9202766
 0.9187744
 0.9171654
 0.9154516
 0.9136347
 0.9117166
 0.9096994
 0.9075778
 0.9053680
 0.9030653
 0.9006717
 0.8981895
 0.8956210
 0.8929686
 0.8902347
 0.8874216
 0.8845319
 0.8815683
 0.8785230
 0.8754191
 0.8722493
 0.8690164
 0.8657233
 0.8623729
 0.8589681
 0.8555121
 0.8520078
 0.8484585
 0.8448672
 0.8412251
 0.8375596
 0.8338621
 0.8301357
 0.8263839
 0.8226102
 0.8188178
 0.8150104
 0.8111912
 0.8073639
 0.8035319
 0.7996860
 0.7958551
 0.7920301
 0.7882145
 0.7844116
 0.7806251
 0.7768583
 0.7731147
 0.7693977
 0.7657107
 0.7620570
 0.7584399
 0.7548509
 0.7513170
 0.7478295
 0.7443914
 0.7410058
 0.7376758
 0.7344042
 0.7311941
 0.7280481
 0.7249690
 0.7219596
 0.7190128
 0.7161507
 0.7133658
 0.7106606
 0.7080374
 0.7054983
 0.7030455
 0.7006811
 0.6984071
 0.6962253
 0.6941375
 0.6921390
 0.6902447
 0.6884494
 0.6867545
 0.6851613
 0.6836712
 0.6822854
 0.6810050
 0.6798309
 0.6787642
 0.6778056
 0.6769533
 0.6762137
 0.6755842
 0.6750654
 0.6746578
 0.6743615
 0.6741770
 0.6741042
 0.6741434
 0.6742944
 0.6745571
 0.6749329
 0.6754188
 0.6760157
 0.6767230
 0.6775403
 0.6784668
 0.6795020
 0.6806449
 0.6818947
 0.6832504
 0.6847110
 0.6862808
 0.6879480
 0.6897164
 0.6915845
 0.6935510
 0.6956142
 0.6977725
 0.7000242
 0.7023674
 0.7048002
 0.7073207
 0.7099357
 0.7126256
 0.7153968
 0.7182469
 0.7211737
 0.7241746
 0.7272473
 0.7303891
 0.7335974
 0.7368696
 0.7402028
 0.7436057
 0.7470529
 0.7505525
 0.7541018
 0.7576976
 0.7613370
 0.7650169
 0.7687342
 0.7724858
 0.7762687
 0.7800795
 0.7839281
 0.7877857
 0.7916617
 0.7955532
 0.7994569
 0.8033697
 0.8072885
 0.8112102
 0.8151317
 0.8190500
 0.8229621
 0.8268781
 0.8307690
 0.8346450
 0.8385034
 0.8423413
 0.8461561
 0.8499454
 0.8537064
 0.8574368
 0.8611343
 0.8647965
 0.8684334
 0.8720186
 0.8755622
 0.8790624
 0.8825173
 0.8859253
 0.8892847
 0.8925940
 0.8958518
 0.8990568
 0.9022077
 0.9053138
 0.9083532
 0.9113356
 0.9142601
 0.9171260
 0.9199327
 0.9226797
 0.9253665
 0.9279929
 0.9305586
 0.9330635
 0.9355155
 0.9378983
 0.9402204
 0.9424818
 0.9446829
 0.9468239
 0.9489053
 0.9509275
 0.9528911
 0.9547965
 0.9566446
 0.9584417
 0.9601768
 0.9618567
 0.9634821
 0.9650540
 0.9665733
 0.9680409
 0.9694577
 0.9708248
 0.9721431
 0.9734137
 0.9746417
 0.9758200
 0.9769538
 0.9780441
 0.9790921
 0.9800990
 0.9810657
 0.9819934
 0.9828832
 0.9837361
 0.9845534
 0.9853386
 0.9860876
 0.9868041
 0.9874892
 0.9881438
 0.9887692
 0.9893661
 0.9899358
 0.9904790
 0.9909969
 0.9914902
 0.9919616
 0.9924086
 0.9928340
 0.9932384
 0.9936227
 0.9939878
 0.9943344
 0.9946634
 0.9949754
 0.9952711
 0.9955514
 0.9958178
 0.9960690
 0.9963068
 0.9965316
 0.9967442
 0.9969450
 0.9971347
 0.9973137
 0.9974827
 0.9976420
 0.9977921
 0.9979341
 0.9980673
 0.9981927
 0.9983107
 0.9984216
 0.9985259
 0.9986239
 0.9987159
 0.9988022
 0.9988833
 0.9989593
 0.9990307
 0.9990974
 0.9991599
 0.9992184
 0.9992731
 0.9993243
 0.9993722
 0.9994169
 0.9994586
 0.9994976
 0.9995339
 0.9995680
 0.9995996
 0.9996290
 0.9996565
 0.9996820
 0.9997058
 0.9997279
 0.9997484
 0.9997675
 0.9997852
 0.9998017
 0.9998170
 0.9998312
 0.9998443
 0.9998565
 0.9998678
 0.9998782
 0.9998879
 0.9998969
 0.9999051
 0.9999128
 0.9999198
 0.9999264
 0.9999324
 0.9999379
 0.9999431
 0.9999478
 0.9999521
 0.9999561
 0.9999598
 0.9999632
 0.9999663
 0.9999692
 0.9999718
 0.9999743
 0.9999765
 0.9999785
 0.9999804
 0.9999821
 0.9999837
 0.9999851
 0.9999864
 0.9999877
 0.9999888
 0.9999898
 0.9999907
 0.9999915
 0.9999923
 0.9999930
 0.9999936
 0.9999942
 0.9999948
 0.9999953
 0.9999957
 0.9999961
 0.9999965
 0.9999968
 0.9999971
 0.9999974
 0.9999976
 0.9999979
 0.9999981
 0.9999983
 0.9999984
 0.9999986
 0.9999987
 0.9999988
 0.9999990
 0.9999991
 0.9999992
 0.9999992
 0.9999993
 0.9999994
 0.9999994
 0.9999995
 0.9999996
 0.9999996
 0.9999996
 0.9999997
 0.9999997
 0.9999997
 0.9999998
 0.9999998
 0.9999998
 0.9999998
 0.9999998
 0.9999999
 0.9999999
 0.9999999
 0.9999999
 0.9999999
 0.9999999
 0.9999999
 0.9999999
 0.9999999
 1.0000000
 1.0000000
 1.0000000
 1.0000000
 1.0000000
 1.0000000
 1.0000000
 1.0000000
 1.0000000
 1.0000000
 1.0000000
 1.0000000
 1.0000000
 1.0000000
 1.0000000
 1.0000000
 1.0000000
 1.0000000
 1.0000000
 1.0000000
 1.0000000
 1.0000000
 1.0000000
 1.0000000
 1.0000000
 1.0000000
 1.0000000
 1.0000000
 1.0000000
 1.0000000
 1.0000000
 1.0000000
 1.0000000
 1.0000000
 1.0000000
 1.0000000
 1.0000000
 1.0000000
 1.0000000
 1.0000000
 1.0000000
 1.0000000
 1.0000000
 1.0000000
 1.0000000
 1.0000000
 1.0000000
 1.0000000
 1.0000000
 1.0000000
 1.0000000
 1.0000000
 1.0000000
 1.0000000
 1.0000000
 1.0000000
 1.0000000
 1.0000000
 1.0000000
 1.0000000
 1.0000000
 1.0000000
 1.0000000
 1.0000000
 1.0000000
 1.0000000
 1.0000000
 1.0000000
 1.0000000
 1.0000000
 1.0000000
 1.0000000
 1.0000000
 1.0000000
 1.0000000
 1.0000000
 1.0000000
 1.0000000
 1.0000000
 1.0000000
 1.0000000
 1.0000000
 1.0000000
 1.0000000
 1.0000000
 1.0000000
 1.0000000
 1.0000000
 1.0000000
 1.0000000
 1.0000000
 1.0000000
 1.0000000
 1.0000000
 1.0000000
 1.0000000
 1.0000000
 1.0000000
 1.0000000
 1.0000000
 1.0000000
 1.0000000
 1.0000000
 1.0000000
 1.0000000
 1.0000000
 1.0000000
 1.0000000
 1.0000000
 1.0000000
 1.0000000
 1.0000000
 1.0000000
 1.0000000
 1.0000000
 1.0000000
 1.0000000
 1.0000000
 1.0000000
 1.0000000
 1.0000000
 1.0000000
 1.0000000
 1.0000000
 1.0000000
 1.0000000
 1.0000000
 1.0000000
 1.0000000
 1.0000000
 1.0000000
 1.0000000
 1.0000000
 1.0000000
 1.0000000
 1.0000000
 1.0000000
 1.0000000
 1.0000000
 1.0000000
 1.0000000
 1.0000000
 1.0000000
 1.0000000
 1.0000000
 1.0000000
 1.0000000
 1.0000000
 1.0000000
 1.0000000
 1.0000000
 1.0000000
 1.0000000
 1.0000000
 1.0000000
 1.0000000
 1.0000000
 1.0000000
 1.0000000
 1.0000000
 1.0000000
 1.0000000
 1.0000000
 1.0000000
 1.0000000
 1.0000000
 1.0000000
 1.0000000
 1.0000000
 1.0000000
 1.0000000
 1.0000000
 1.0000000
 1.0000000
 1.0000000
 1.0000000
 1.0000000
 1.0000000
 1.0000000
 1.0000000
 1.0000000
 1.0000000
 1.0000000
 1.0000000
 1.0000000
 1.0000000
 1.0000000
 1.0000000
 1.0000000
 1.0000000
 1.0000000
 1.0000000
 1.0000000
 1.0000000
 1.0000000
 1.0000000
 1.0000000
 1.0000000
 1.0000000
 1.0000000
 1.0000000
 1.0000000
 1.0000000
 1.0000000
 1.0000000
 1.0000000
 1.0000000
 0.9999999
 0.9999997
 0.9999988
 0.9999956
 0.9999847
 0.9999501
 0.9998488
 0.9995741
 0.9988844
 0.9972837
 0.9938548
 0.9870931
 0.9748610
 0.9546564
 0.9243625
 0.8832527
 0.8336625
 0.7804144
 0.7303628
 0.6905093
 0.6663854
 0.6611971
 0.6756130
 0.7077556
 0.7532595
 0.8057365
 0.8581891
 0.9041162
 0.9400873
 0.9653964
 0.9815056
 0.9908400
 0.9957904
 0.9982032
 0.9992873
 0.9997372
 0.9999099
 0.9999714
 0.9999915
 0.9999977
 0.9999994
 0.9999999
 1.0000000
 1.0000000
 1.0000000
 1.0000000
 1.0000000
 1.0000000
 1.0000000
 1.0000000
 1.0000000
 1.0000000
 1.0000000
 1.0000000
 1.0000000
 1.0000000
 1.0000000
 1.0000000
 1.0000000
 1.0000000
 1.0000000
 1.0000000
 1.0000000
 1.0000000
 1.0000000
 1.0000000
 1.0000000
 1.0000000
 1.0000000
 1.0000000
 1.0000000
 1.0000000
 1.0000000
 1.0000000
 1.0000000
 1.0000000
 1.0000000
 1.0000000
 1.0000000
 1.0000000
 1.0000000
 1.0000000
 1.0000000
 1.0000000
 1.0000000
 1.0000000
 1.0000000
 1.0000000
 1.0000000
 1.0000000
 1.0000000
 1.0000000
 1.0000000
 1.0000000
 1.0000000
 1.0000000
 1.0000000
 1.0000000
 1.0000000
 1.0000000
 1.0000000
 1.0000000
 1.0000000
 1.0000000
 1.0000000
 1.0000000
 1.0000000
 1.0000000
 1.0000000
 1.0000000
 1.0000000
 1.0000000
 1.0000000
 1.0000000
 1.0000000
 1.0000000
 1.0000000
 1.0000000
 1.0000000
 1.0000000
 1.0000000
 1.0000000
 1.0000000
 1.0000000
 1.0000000
 1.0000000
 1.0000000
 1.0000000
 1.0000000
 1.0000000
 1.0000000
 1.0000000
 1.0000000
 1.0000000
 1.0000000
 1.0000000
 1.0000000
 1.0000000
 1.0000000
 1.0000000
 1.0000000
 1.0000000
 1.0000000
 1.0000000
 1.0000000
 1.0000000
 1.0000000
 1.0000000
 1.0000000
 1.0000000
 1.0000000
 1.0000000
 1.0000000
 1.0000000
 1.0000000
 1.0000000
 1.0000000
 1.0000000
 1.0000000
 1.0000000
 1.0000000
 1.0000000
 1.0000000
 1.0000000
 1.0000000
 1.0000000
 1.0000000
 1.0000000
 1.0000000
 1.0000000
 1.0000000
 1.0000000
 1.0000000
 1.0000000
 1.0000000
 1.0000000
 1.0000000
 1.0000000
 1.0000000
 1.0000000
 1.0000000
 1.0000000
 1.0000000
 1.0000000
 1.0000000
 1.0000000
 1.0000000
 1.0000000
 1.0000000
 1.0000000
 1.0000000
 1.0000000
 1.0000000
 1.0000000
 1.0000000
 1.0000000
 1.0000000
 1.0000000
 1.0000000
 1.0000000
 1.0000000
 1.0000000
 1.0000000
 1.0000000
 1.0000000
 1.0000000
 1.0000000
 1.0000000
 1.0000000
 1.0000000
 1.0000000
 1.0000000
 1.0000000
 1.0000000
 1.0000000
 1.0000000
 1.0000000
 1.0000000
 1.0000000
 1.0000000
 1.0000000
 1.0000000
 1.0000000
 1.0000000
 1.0000000
 1.0000000
 1.0000000
 0.9999999
 0.9999996
 0.9999986
 0.9999950
 0.9999834
 0.9999488
 0.9998526
 0.9996056
 0.9990179
 0.9977185
 0.9950849
 0.9901565
 0.9816856
 0.9683662
 0.9493028
 0.9246203
 0.8959464
 0.8664380
 0.8402140
 0.8213804
 0.8130286
 0.8166120
 0.8314826
 0.8551693
 0.8838661
 0.9133319
 0.9399206
 0.9613541
 0.9769374
 0.9872263
 0.9934292
 0.9968667
 0.9986074
 0.9994242
 0.9997785
 0.9999207
 0.9999736
 0.9999918
 0.9999976
 0.9999994
 0.9999998
 1.0000000
 1.0000000
 1.0000000
 1.0000000
 1.0000000
 1.0000000
 1.0000000
 1.0000000
 1.0000000
 1.0000000
 1.0000000
 1.0000000
 1.0000000
 1.0000000
 1.0000000
 1.0000000
 1.0000000
 1.0000000
 1.0000000
 1.0000000
 1.0000000
 1.0000000
 1.0000000
 1.0000000
 1.0000000
 1.0000000
 1.0000000
 1.0000000
 1.0000000
 1.0000000
 1.0000000
 1.0000000
 1.0000000
 1.0000000
 1.0000000
 1.0000000
 1.0000000
 1.0000000
 1.0000000
 1.0000000
 1.0000000
 1.0000000
 1.0000000
 1.0000000
 1.0000000
 1.0000000
 1.0000000
 1.0000000
 1.0000000
 1.0000000
 1.0000000
 1.0000000
 1.0000000
 1.0000000
 1.0000000
 1.0000000
 1.0000000
 1.0000000
 1.0000000
 1.0000000
 1.0000000
 1.0000000
 1.0000000
 1.0000000
 1.0000000
 1.0000000
 1.0000000
 1.0000000
 1.0000000
 1.0000000
 1.0000000
 1.0000000
 1.0000000
 1.0000000
 1.0000000
 1.0000000
 1.0000000
 1.0000000
 1.0000000
 1.0000000
 1.0000000
 1.0000000
 1.0000000
 1.0000000
 1.0000000
 1.0000000
 1.0000000
 1.0000000
 1.0000000
 1.0000000
 1.0000000
 1.0000000
 1.0000000
 1.0000000
 1.0000000
 1.0000000
 1.0000000
 1.0000000
 1.0000000
 1.0000000
 1.0000000
 1.0000000
 1.0000000
 1.0000000
 1.0000000
 1.0000000
 1.0000000
 1.0000000
 1.0000000
 1.0000000
 1.0000000
 1.0000000
 1.0000000
 1.0000000
 1.0000000
 1.0000000
 1.0000000
 1.0000000
 1.0000000
 1.0000000
 1.0000000
 1.0000000
 1.0000000
 1.0000000
 1.0000000
 1.0000000
 1.0000000
 1.0000000
 1.0000000
 1.0000000
 1.0000000
 1.0000000
 1.0000000
 1.0000000
 1.0000000
 1.0000000
 1.0000000
 1.0000000
 1.0000000
 1.0000000
 1.0000000
 1.0000000
 1.0000000
 1.0000000
 1.0000000
 1.0000000
 1.0000000
 1.0000000
 1.0000000
 1.0000000
 1.0000000
 1.0000000
 1.0000000
 1.0000000
 1.0000000
 1.0000000
 1.0000000
 1.0000000
 1.0000000
 1.0000000
 1.0000000
 1.0000000
 1.0000000
 1.0000000
 1.0000000
 1.0000000
 1.0000000
 1.0000000
 1.0000000
 1.0000000
 1.0000000
 1.0000000
 1.0000000
 1.0000000
 1.0000000
 1.0000000
 1.0000000
 1.0000000
 1.0000000
 1.0000000
 1.0000000
 1.0000000
 1.0000000
 1.0000000
 1.0000000
 1.0000000
 1.0000000
 1.0000000
 1.0000000
 1.0000000
 1.0000000
 1.0000000
 1.0000000
 1.0000000
 1.0000000
 1.0000000
 1.0000000
 1.0000000
 1.0000000
 1.0000000
 1.0000000
 1.0000000
 1.0000000
 1.0000000
 1.0000000
 1.0000000
 1.0000000
 1.0000000
 1.0000000
 1.0000000
 1.0000000
 1.0000000
 1.0000000
 1.0000000
 1.0000000
 1.0000000
 1.0000000
 1.0000000
 1.0000000
 1.0000000
 1.0000000
 1.0000000
 1.0000000
 1.0000000
 1.0000000
 1.0000000
 1.0000000
 1.0000000
 1.0000000
 1.0000000
 1.0000000
 1.0000000
 1.0000000
 1.0000000
 1.0000000
 1.0000000
 1.0000000
 1.0000000
 1.0000000
 1.0000000
 1.0000000
 1.0000000
 1.0000000
 1.0000000
 1.0000000
 1.0000000
 1.0000000
 1.0000000
 1.0000000
 1.0000000
 1.0000000
 1.0000000
 1.0000000
 1.0000000
 1.0000000
 1.0000000
 1.0000000
 1.0000000
 1.0000000
 1.0000000
 1.0000000
 1.0000000
 1.0000000
 1.0000000
 1.0000000
 1.0000000
 1.0000000
 1.0000000
 1.0000000
 1.0000000
 1.0000000
 1.0000000
 1.0000000
 1.0000000
 1.0000000
 1.0000000
 1.0000000
 1.0000000
 1.0000000
 1.0000000
 1.0000000
 1.0000000
 1.0000000
 1.0000000
 1.0000000
 1.0000000
 1.0000000
 1.0000000
 1.0000000
 1.0000000
 1.0000000
 1.0000000
 1.0000000
 1.0000000
 1.0000000
 1.0000000
 1.0000000
 1.0000000
 1.0000000
 1.0000000
 1.0000000
 1.0000000
 1.0000000
 1.0000000
 1.0000000
 1.0000000
 1.0000000
 1.0000000
 1.0000000
 1.0000000
 1.0000000
 1.0000000
 1.0000000
 1.0000000
 1.0000000
 1.0000000
 1.0000000
 1.0000000
 1.0000000
 1.0000000
 1.0000000
 1.0000000
 1.0000000
 1.0000000
 1.0000000
 1.0000000
 1.0000000
 1.0000000
 1.0000000
 1.0000000
 1.0000000
 1.0000000
 1.0000000
 1.0000000
 1.0000000
 1.0000000
 1.0000000
 1.0000000
 1.0000000
 1.0000000
 1.0000000
 1.0000000
 1.0000000
 1.0000000
 1.0000000
 1.0000000
 1.0000000
 1.0000000
 1.0000000
 1.0000000
 1.0000000
 1.0000000
 1.0000000
 1.0000000
 1.0000000
 1.0000000
 1.0000000
 1.0000000
 1.0000000
 1.0000000
 1.0000000
 1.0000000
 1.0000000
 1.0000000
 1.0000000
 1.0000000
 1.0000000
 1.0000000
 1.0000000
 1.0000000
 1.0000000
 1.0000000
 1.0000000
 1.0000000
 1.0000000
 1.0000000
 1.0000000
 1.0000000
 1.0000000
 1.0000000
 1.0000000
 1.0000000
 1.0000000
 1.0000000
 1.0000000
 1.0000000
 1.0000000
 1.0000000
 1.0000000
 1.0000000
 1.0000000
 1.0000000
 1.0000000
 1.0000000
 1.0000000
 1.0000000
 1.0000000
 1.0000000
 1.0000000
 1.0000000
 1.0000000
 1.0000000
 1.0000000
 1.0000000
 1.0000000
 1.0000000
 1.0000000
 1.0000000
 1.0000000
 1.0000000
 1.0000000
 1.0000000
 1.0000000
 1.0000000
 1.0000000
 1.0000000
 1.0000000
 1.0000000
 1.0000000
 1.0000000
 1.0000000
 1.0000000
 1.0000000
 1.0000000
 1.0000000
 1.0000000
 1.0000000
 1.0000000
 1.0000000
 1.0000000
 1.0000000
 1.0000000
 1.0000000
 1.0000000
 1.0000000
 1.0000000
 1.0000000
 1.0000000
 1.0000000
 1.0000000
 1.0000000
 1.0000000
 1.0000000
 1.0000000
 1.0000000
 1.0000000
 1.0000000
 1.0000000
 1.0000000
 1.0000000
 1.0000000
 1.0000000
 1.0000000
 1.0000000
 1.0000000
 1.0000000
 1.0000000
 1.0000000
 1.0000000
 1.0000000
 1.0000000
 1.0000000
 1.0000000
 1.0000000
 1.0000000
 1.0000000
 1.0000000
 1.0000000
 1.0000000
 1.0000000
 1.0000000
 1.0000000
 1.0000000
 1.0000000
 1.0000000
 1.0000000
 1.0000000
 1.0000000
 1.0000000
 1.0000000
 1.0000000
 1.0000000
 1.0000000
 1.0000000
 1.0000000
 1.0000000
 1.0000000
 1.0000000
 1.0000000
 1.0000000
 1.0000000
 1.0000000
 1.0000000
 1.0000000
 1.0000000
 1.0000000
 1.0000000
 1.0000000
 1.0000000
 1.0000000
 1.0000000
 1.0000000
 1.0000000
 1.0000000
 1.0000000
 1.0000000
 1.0000000
 1.0000000
 1.0000000
 1.0000000
 1.0000000
 1.0000000
 1.0000000
 1.0000000
 1.0000000
 1.0000000
 1.0000000
 1.0000000
 1.0000000
 1.0000000
 1.0000000
 1.0000000
 1.0000000
 1.0000000
 1.0000000
 1.0000000
 1.0000000
 1.0000000
 1.0000000
 1.0000000
 1.0000000
 1.0000000
 1.0000000
 1.0000000
 1.0000000
 1.0000000
 1.0000000
 1.0000000
 1.0000000
 1.0000000
 1.0000000
 1.0000000
 1.0000000
 1.0000000
 1.0000000
 1.0000000
 1.0000000
 1.0000000
 1.0000000
 1.0000000
 1.0000000
 1.0000000
 1.0000000
 1.0000000
 1.0000000
 1.0000000
 1.0000000
 1.0000000
 1.0000000
 1.0000000
 1.0000000
 1.0000000
 1.0000000
 1.0000000
 1.0000000
 1.0000000
 1.0000000
 1.0000000
 1.0000000
 1.0000000
 1.0000000
 1.0000000
 1.0000000
 1.0000000
 1.0000000
 1.0000000
 1.0000000
 1.0000000
 1.0000000
 1.0000000
 1.0000000
 1.0000000
 1.0000000
 1.0000000
 1.0000000
 1.0000000
 1.0000000
 1.0000000
 1.0000000
 1.0000000
 1.0000000
 1.0000000
 1.0000000
 1.0000000
 1.0000000
 1.0000000
 1.0000000
 1.0000000
 1.0000000
 1.0000000
 1.0000000
 1.0000000
 1.0000000
 1.0000000
 1.0000000
 1.0000000
 1.0000000
 1.0000000
 1.0000000
 1.0000000
 1.0000000
 1.0000000
 1.0000000
 1.0000000
 1.0000000
 1.0000000
 1.0000000
 1.0000000
 1.0000000
 1.0000000
 1.0000000
 1.0000000
 1.0000000
 1.0000000
 1.0000000
 1.0000000
 1.0000000
 1.0000000
 1.0000000
 1.0000000
 1.0000000
 1.0000000
 1.0000000
 1.0000000
 1.0000000
 1.0000000
 1.0000000
 1.0000000
 1.0000000
 0.9999999
 0.9999997
 0.9999980
 0.9999898
 0.9999522
 0.9997967
 0.9992184
 0.9972846
 0.9914906
 0.9760541
 0.9398602
 0.8680876
 0.7516711
 0.6058505
 0.4722206
 0.3851653
 0.3439281
 0.3284975
 0.3234964
 0.3224426
 0.3239085
 0.3299123
 0.3480321
 0.3950768
 0.4900620
 0.6284665
 0.7720694
 0.8818735
 0.9472854
 0.9793301
 0.9927748
 0.9977300
 0.9993593
 0.9998359
 0.9999620
 0.9999920
 0.9999985
 0.9999997
 1.0000000
 1.0000000
 1.0000000
 1.0000000
 1.0000000
 1.0000000
 1.0000000
 1.0000000
 1.0000000
 1.0000000
 1.0000000
 1.0000000
 1.0000000
 1.0000000
 1.0000000
 1.0000000
 1.0000000
 1.0000000
 1.0000000
 1.0000000
 1.0000000
 1.0000000
 1.0000000
 1.0000000
 1.0000000
 1.0000000
 1.0000000
 1.0000000
 1.0000000
 1.0000000
 1.0000000
 1.0000000
 1.0000000
 1.0000000
 1.0000000
 1.0000000
 1.0000000
 1.0000000
 1.0000000
 1.0000000
 1.0000000
 1.0000000
 1.0000000
 1.0000000
 1.0000000
 1.0000000
 1.0000000
 1.0000000
 1.0000000
 1.0000000
 1.0000000
 1.0000000
 1.0000000
 1.0000000
 1.0000000
 1.0000000
 1.0000000
 1.0000000
 1.0000000
 1.0000000
 1.0000000
 1.0000000
 1.0000000
 1.0000000
 1.0000000
 1.0000000
 1.0000000
 1.0000000
 1.0000000
 1.0000000
 1.0000000
 1.0000000
 1.0000000
 1.0000000
 1.0000000
 1.0000000
 1.0000000
 1.0000000
 1.0000000
 1.0000000
 1.0000000
 1.0000000
 1.0000000
 1.0000000
 1.0000000
 1.0000000
 1.0000000
 1.0000000
 1.0000000
 1.0000000
 1.0000000
 1.0000000
 1.0000000
 1.0000000
 1.0000000
 1.0000000
 1.0000000
 1.0000000
 1.0000000
 1.0000000
 1.0000000
 1.0000000
 1.0000000
 1.0000000
 1.0000000
 1.0000000
 1.0000000
 1.0000000
 1.0000000
 1.0000000
 1.0000000
 1.0000000
 1.0000000
 1.0000000
 1.0000000
 1.0000000
 1.0000000
 1.0000000
 1.0000000
 1.0000000
 1.0000000
 1.0000000
 1.0000000
 1.0000000
 1.0000000
 1.0000000
 1.0000000
 1.0000000
 1.0000000
 1.0000000
 1.0000000
 1.0000000
 1.0000000
 1.0000000
 1.0000000
 1.0000000
 1.0000000
 1.0000000
 1.0000000
 1.0000000
 1.0000000
 1.0000000
 1.0000000
 1.0000000
 1.0000000
 1.0000000
 1.0000000
 1.0000000
 1.0000000
 1.0000000
 1.0000000
 1.0000000
 1.0000000
 1.0000000
 1.0000000
 1.0000000
 1.0000000
 1.0000000
 1.0000000
 1.0000000
 1.0000000
 1.0000000
 1.0000000
 1.0000000
 1.0000000
 1.0000000
 1.0000000
 1.0000000
 1.0000000
 1.0000000
 1.0000000
 1.0000000
 1.0000000
 1.0000000
 1.0000000
 1.0000000
 1.0000000
 1.0000000
 1.0000000
 1.0000000
 1.0000000
 1.0000000
 1.0000000
 1.0000000
 1.0000000
 1.0000000
 1.0000000
 1.0000000
 1.0000000
 1.0000000
 0.9999999
 0.9999997
 0.9999982
 0.9999912
 0.9999603
 0.9998381
 0.9994023
 0.9980035
 0.9939724
 0.9835990
 0.9599986
 0.9133325
 0.8351306
 0.7274322
 0.6085341
 0.5057704
 0.4346911
 0.3944488
 0.3764789
 0.3741759
 0.3865451
 0.4185254
 0.4788058
 0.5720855
 0.6881886
 0.8026063
 0.8914600
 0.9477977
 0.9777779
 0.9915422
 0.9971030
 0.9991038
 0.9997492
 0.9999365
 0.9999854
 0.9999970
 0.9999994
 0.9999999
 1.0000000
 1.0000000
 1.0000000
 1.0000000
 1.0000000
 1.0000000
 1.0000000
 1.0000000
 1.0000000
 1.0000000
 1.0000000
 1.0000000
 1.0000000
 1.0000000
 1.0000000
 1.0000000
 1.0000000
 1.0000000
 1.0000000
 1.0000000
 1.0000000
 1.0000000
 1.0000000
 1.0000000
