 1220.9725   0.9276   1.643908E-14   1.495609E-14   0.9098
 1221.0024   0.9245   1.650561E-14   2.112314E-14   1.2798
 1221.0323   0.9212   1.657189E-14   1.243918E-14   0.7506
 1221.0622   0.9178   1.663791E-14   1.586672E-14   0.9536
 1221.0922   0.9143   1.670388E-14   1.607051E-14   0.9621
 1221.1221   0.9108   1.676936E-14   1.934930E-14   1.1538
 1221.1520   0.9071   1.683454E-14   1.814411E-14   1.0778
 1221.1819   0.9033   1.689944E-14   2.023201E-14   1.1972
 1221.2118   0.8994   1.696403E-14   1.589767E-14   0.9371
 1221.2417   0.8954   1.702831E-14   1.435376E-14   0.8429
 1221.2716   0.8913   1.709227E-14   1.578835E-14   0.9237
 1221.3015   0.8871   1.715590E-14   1.719039E-14   1.0020
 1221.3314   0.8828   1.721920E-14   1.305101E-14   0.7579
 1221.3613   0.8784   1.728216E-14   1.394434E-14   0.8069
 1221.3912   0.8739   1.734476E-14   1.712330E-14   0.9872
 1221.4212   0.8692   1.740721E-14   1.596021E-14   0.9169
 1221.4511   0.8645   1.746908E-14   1.444574E-14   0.8269
 1221.4810   0.8597   1.753057E-14   1.586019E-14   0.9047
 1221.5109   0.8547   1.759168E-14   1.583553E-14   0.9002
 1221.5408   0.8497   1.765240E-14   1.649086E-14   0.9342
 1221.5707   0.8446   1.771271E-14   1.820438E-14   1.0278
 1221.6006   0.8394   1.777261E-14   1.776816E-14   0.9997
 1221.6305   0.8341   1.783209E-14   1.815694E-14   1.0182
 1221.6604   0.8287   1.789114E-14   1.662031E-14   0.9290
 1221.6903   0.8232   1.794976E-14   1.550896E-14   0.8640
 1221.7202   0.8176   1.800793E-14   1.699133E-14   0.9435
 1221.7502   0.8119   1.806584E-14   1.944603E-14   1.0764
 1221.7801   0.8062   1.812310E-14   1.314386E-14   0.7253
 1221.8100   0.8004   1.817989E-14   1.481115E-14   0.8147
 1221.8399   0.7945   1.823620E-14   1.499560E-14   0.8223
 1221.8698   0.7886   1.829202E-14   1.183735E-14   0.6471
 1221.8997   0.7825   1.834735E-14   1.437880E-14   0.7837
 1221.9296   0.7764   1.840218E-14   1.432715E-14   0.7786
 1221.9595   0.7703   1.845649E-14   1.153182E-14   0.6248
 1221.9894   0.7641   1.851029E-14   1.493988E-14   0.8071
 1222.0193   0.7579   1.856355E-14   1.399713E-14   0.7540
 1222.0492   0.7516   1.861628E-14   1.346651E-14   0.7234
 1222.0792   0.7452   1.866864E-14   1.051927E-14   0.5635
 1222.1091   0.7388   1.872028E-14   9.217594E-15   0.4924
 1222.1390   0.7324   1.877135E-14   1.369542E-14   0.7296
 1222.1689   0.7260   1.882184E-14   1.016796E-14   0.5402
 1222.1988   0.7196   1.887177E-14   1.160598E-14   0.6150
 1222.2287   0.7131   1.892110E-14   1.482491E-14   0.7835
 1222.2586   0.7066   1.896984E-14   1.266623E-14   0.6677
 1222.2885   0.7001   1.901798E-14   1.268009E-14   0.6667
 1222.3184   0.6936   1.906550E-14   1.450101E-14   0.7606
 1222.3483   0.6871   1.911241E-14   1.356215E-14   0.7096
 1222.3782   0.6807   1.915868E-14   1.270604E-14   0.6632
 1222.4082   0.6742   1.920447E-14   1.029059E-14   0.5358
 1222.4381   0.6677   1.924947E-14   1.101866E-14   0.5724
 1222.4680   0.6613   1.929381E-14   1.097270E-14   0.5687
 1222.4979   0.6549   1.933748E-14   1.166372E-14   0.6032
 1222.5278   0.6485   1.938049E-14   1.165382E-14   0.6013
 1222.5577   0.6422   1.942282E-14   1.225974E-14   0.6312
 1222.5876   0.6359   1.946446E-14   9.056654E-15   0.4653
 1222.6175   0.6297   1.950540E-14   7.576547E-15   0.3884
 1222.6474   0.6235   1.954565E-14   1.116810E-14   0.5714
 1222.6773   0.6174   1.958518E-14   9.777201E-15   0.4992
 1222.7072   0.6113   1.962399E-14   8.594601E-15   0.4380
 1222.7372   0.6053   1.966222E-14   7.825933E-15   0.3980
 1222.7671   0.5994   1.969961E-14   8.854101E-15   0.4495
 1222.7970   0.5935   1.973631E-14   1.273642E-14   0.6453
 1222.8269   0.5878   1.977232E-14   1.137256E-14   0.5752
 1222.8568   0.5821   1.980765E-14   8.929741E-15   0.4508
 1222.8867   0.5765   1.984231E-14   1.194796E-14   0.6021
 1222.9166   0.5710   1.987631E-14   1.118204E-14   0.5626
 1222.9465   0.5656   1.990965E-14   8.466872E-15   0.4253
 1222.9764   0.5603   1.994234E-14   1.008143E-14   0.5055
 1223.0063   0.5550   1.997440E-14   9.289328E-15   0.4651
 1223.0362   0.5499   2.000583E-14   1.111421E-14   0.5555
 1223.0662   0.5449   2.003673E-14   9.225426E-15   0.4604
 1223.0961   0.5400   2.006692E-14   9.638723E-15   0.4803
 1223.1260   0.5353   2.009650E-14   1.059367E-14   0.5271
 1223.1559   0.5306   2.012549E-14   8.315103E-15   0.4132
 1223.1858   0.5261   2.015388E-14   9.093343E-15   0.4512
 1223.2157   0.5217   2.018169E-14   1.052312E-14   0.5214
 1223.2456   0.5174   2.020893E-14   1.103466E-14   0.5460
 1223.2755   0.5133   2.023561E-14   8.139179E-15   0.4022
 1223.3054   0.5092   2.026173E-14   9.955758E-15   0.4914
 1223.3353   0.5053   2.028730E-14   9.562507E-15   0.4714
 1223.3652   0.5016   2.031233E-14   8.112053E-15   0.3994
 1223.3952   0.4979   2.033691E-14   7.102378E-15   0.3492
 1223.4251   0.4945   2.036088E-14   9.389242E-15   0.4611
 1223.4550   0.4911   2.038434E-14   1.058780E-14   0.5194
 1223.4849   0.4879   2.040729E-14   9.070298E-15   0.4445
 1223.5148   0.4848   2.042974E-14   7.848467E-15   0.3842
 1223.5447   0.4819   2.045169E-14   7.900329E-15   0.3863
 1223.5746   0.4791   2.047317E-14   9.037199E-15   0.4414
 1223.6045   0.4765   2.049417E-14   7.873366E-15   0.3842
 1223.6344   0.4740   2.051470E-14   1.041953E-14   0.5079
 1223.6643   0.4716   2.053478E-14   7.856759E-15   0.3826
 1223.6942   0.4694   2.055440E-14   9.498386E-15   0.4621
 1223.7242   0.4674   2.057365E-14   8.091138E-15   0.3933
 1223.7541   0.4655   2.059239E-14   1.116356E-14   0.5421
 1223.7840   0.4637   2.061071E-14   8.660989E-15   0.4202
 1223.8139   0.4621   2.062862E-14   1.009778E-14   0.4895
 1223.8438   0.4607   2.064611E-14   8.650961E-15   0.4190
 1223.8737   0.4594   2.066320E-14   1.169779E-14   0.5661
 1223.9036   0.4582   2.067990E-14   7.716245E-15   0.3731
 1223.9335   0.4572   2.069622E-14   1.002214E-14   0.4843
 1223.9634   0.4564   2.071216E-14   9.817275E-15   0.4740
 1223.9933   0.4557   2.072773E-14   9.386320E-15   0.4528
 1224.0232   0.4552   2.074294E-14   8.544420E-15   0.4119
 1224.0532   0.4548   2.075784E-14   9.411802E-15   0.4534
 1224.0831   0.4545   2.077235E-14   9.874621E-15   0.4754
 1224.1130   0.4544   2.078653E-14   7.942782E-15   0.3821
 1224.1429   0.4545   2.080038E-14   9.125091E-15   0.4387
 1224.1728   0.4547   2.081391E-14   8.299318E-15   0.3987
 1224.2027   0.4551   2.082712E-14   8.313306E-15   0.3992
 1224.2326   0.4556   2.084004E-14   8.740840E-15   0.4194
 1224.2625   0.4563   2.085266E-14   7.330302E-15   0.3515
 1224.2924   0.4572   2.086499E-14   7.685380E-15   0.3683
 1224.3223   0.4581   2.087705E-14   8.042315E-15   0.3852
 1224.3522   0.4593   2.088883E-14   8.644730E-15   0.4138
 1224.3822   0.4606   2.090039E-14   8.957377E-15   0.4286
 1224.4121   0.4620   2.091166E-14   8.244520E-15   0.3943
 1224.4420   0.4636   2.092268E-14   9.101408E-15   0.4350
 1224.4719   0.4653   2.093346E-14   8.398919E-15   0.4012
 1224.5018   0.4672   2.094402E-14   7.624645E-15   0.3640
 1224.5317   0.4692   2.095435E-14   9.547999E-15   0.4557
 1224.5616   0.4714   2.096447E-14   8.248501E-15   0.3935
 1224.5915   0.4738   2.097439E-14   1.017198E-14   0.4850
 1224.6214   0.4762   2.098411E-14   7.055120E-15   0.3362
 1224.6513   0.4789   2.099364E-14   8.434983E-15   0.4018
 1224.6812   0.4816   2.100299E-14   8.477489E-15   0.4036
 1224.7112   0.4846   2.101219E-14   8.717440E-15   0.4149
 1224.7411   0.4876   2.102121E-14   9.593379E-15   0.4564
 1224.7710   0.4908   2.103006E-14   1.055768E-14   0.5020
 1224.8009   0.4941   2.103877E-14   1.005299E-14   0.4778
 1224.8308   0.4976   2.104734E-14   8.853704E-15   0.4207
 1224.8607   0.5012   2.105578E-14   9.556927E-15   0.4539
 1224.8906   0.5050   2.106410E-14   8.319646E-15   0.3950
 1224.9205   0.5088   2.107230E-14   1.008001E-14   0.4784
 1224.9504   0.5128   2.108039E-14   6.537854E-15   0.3101
 1224.9803   0.5170   2.108839E-14   1.072163E-14   0.5084
 1225.0102   0.5213   2.109630E-14   1.123403E-14   0.5325
 1225.0402   0.5257   2.110415E-14   1.302810E-14   0.6173
 1225.0701   0.5302   2.111189E-14   9.764926E-15   0.4625
 1225.1000   0.5348   2.111958E-14   7.914268E-15   0.3747
 1225.1299   0.5396   2.112720E-14   1.073558E-14   0.5081
 1225.1598   0.5444   2.113478E-14   9.644350E-15   0.4563
 1225.1897   0.5494   2.114232E-14   9.944808E-15   0.4704
 1225.2196   0.5545   2.114982E-14   1.081444E-14   0.5113
 1225.2495   0.5597   2.115730E-14   1.061536E-14   0.5017
 1225.2794   0.5650   2.116476E-14   1.251207E-14   0.5912
 1225.3093   0.5703   2.117221E-14   1.163999E-14   0.5498
 1225.3392   0.5758   2.117966E-14   1.241127E-14   0.5860
 1225.3692   0.5814   2.118715E-14   1.365958E-14   0.6447
 1225.3991   0.5871   2.119462E-14   1.161885E-14   0.5482
 1225.4290   0.5927   2.120212E-14   1.397260E-14   0.6590
 1225.4589   0.5984   2.120965E-14   1.497036E-14   0.7058
 1225.4888   0.6039   2.121723E-14   1.535240E-14   0.7236
 1225.5187   0.6089   2.122485E-14   1.318658E-14   0.6213
 1225.5486   0.6128   2.123253E-14   1.498723E-14   0.7059
 1225.5785   0.6146   2.124027E-14   1.314454E-14   0.6188
 1225.6084   0.6130   2.124809E-14   1.336016E-14   0.6288
 1225.6383   0.6062   2.125599E-14   1.231307E-14   0.5793
 1225.6682   0.5927   2.126398E-14   1.193497E-14   0.5613
 1225.6982   0.5719   2.127209E-14   1.105307E-14   0.5196
 1225.7281   0.5451   2.128028E-14   9.046225E-15   0.4251
 1225.7580   0.5152   2.128859E-14   1.072830E-14   0.5039
 1225.7879   0.4869   2.129702E-14   7.474131E-15   0.3509
 1225.8178   0.4647   2.130558E-14   1.095398E-14   0.5141
 1225.8477   0.4527   2.131428E-14   9.724503E-15   0.4562
 1225.8776   0.4535   2.132312E-14   8.915029E-15   0.4181
 1225.9075   0.4677   2.133212E-14   8.482426E-15   0.3976
 1225.9374   0.4945   2.134129E-14   1.190515E-14   0.5578
 1225.9673   0.5311   2.135062E-14   1.147453E-14   0.5374
 1225.9972   0.5733   2.136014E-14   1.187826E-14   0.5561
 1226.0272   0.6161   2.136988E-14   1.327438E-14   0.6212
 1226.0571   0.6548   2.137978E-14   1.411497E-14   0.6602
 1226.0870   0.6868   2.138988E-14   1.633227E-14   0.7636
 1226.1169   0.7114   2.140020E-14   1.642478E-14   0.7675
 1226.1468   0.7294   2.141073E-14   1.426502E-14   0.6663
 1226.1767   0.7425   2.142150E-14   1.384478E-14   0.6463
 1226.2066   0.7524   2.143250E-14   1.488085E-14   0.6943
 1226.2365   0.7603   2.144375E-14   1.352799E-14   0.6309
 1226.2664   0.7672   2.145525E-14   1.612256E-14   0.7515
 1226.2963   0.7735   2.146702E-14   1.635148E-14   0.7617
 1226.3262   0.7796   2.147905E-14   1.378625E-14   0.6418
 1226.3562   0.7855   2.149140E-14   1.485924E-14   0.6914
 1226.3861   0.7913   2.150400E-14   1.417788E-14   0.6593
 1226.4160   0.7970   2.151689E-14   1.672942E-14   0.7775
 1226.4459   0.8026   2.153009E-14   1.553141E-14   0.7214
 1226.4758   0.8081   2.154359E-14   1.660172E-14   0.7706
 1226.5057   0.8136   2.155742E-14   1.609632E-14   0.7467
 1226.5356   0.8189   2.157157E-14   1.593409E-14   0.7387
 1226.5655   0.8241   2.158605E-14   1.915331E-14   0.8873
 1226.5954   0.8292   2.160086E-14   1.647221E-14   0.7626
 1226.6253   0.8343   2.161600E-14   1.666713E-14   0.7711
 1226.6552   0.8392   2.163146E-14   1.895349E-14   0.8762
 1226.6852   0.8440   2.164729E-14   1.670924E-14   0.7719
 1226.7151   0.8487   2.166338E-14   1.640117E-14   0.7571
 1226.7450   0.8532   2.167978E-14   1.433971E-14   0.6614
 1226.7749   0.8577   2.169647E-14   1.862862E-14   0.8586
 1226.8048   0.8620   2.171346E-14   1.768958E-14   0.8147
 1226.8347   0.8662   2.173075E-14   1.577526E-14   0.7259
 1226.8646   0.8702   2.174832E-14   1.841470E-14   0.8467
 1226.8945   0.8742   2.176617E-14   1.818962E-14   0.8357
 1226.9244   0.8780   2.178430E-14   2.145019E-14   0.9847
 1226.9543   0.8816   2.180270E-14   1.910762E-14   0.8764
 1226.9842   0.8852   2.182137E-14   1.791527E-14   0.8210
 1227.0142   0.8886   2.184037E-14   1.934477E-14   0.8857
 1227.0441   0.8919   2.185956E-14   1.829644E-14   0.8370
 1227.0740   0.8950   2.187900E-14   2.085828E-14   0.9533
 1227.1039   0.8980   2.189869E-14   2.087633E-14   0.9533
 1227.1338   0.9009   2.191862E-14   1.903309E-14   0.8684
 1227.1637   0.9036   2.193880E-14   2.142472E-14   0.9766
 1227.1936   0.9062   2.195920E-14   2.275469E-14   1.0362
 1227.2235   0.9086   2.197984E-14   1.894836E-14   0.8621
 1227.2534   0.9109   2.200070E-14   1.850389E-14   0.8411
 1227.2833   0.9131   2.202177E-14   1.870309E-14   0.8493
 1227.3132   0.9151   2.204307E-14   2.139341E-14   0.9705
 1227.3432   0.9170   2.206464E-14   1.912446E-14   0.8667
 1227.3731   0.9188   2.208634E-14   1.823514E-14   0.8256
 1227.4030   0.9204   2.210825E-14   2.230539E-14   1.0089
 1227.4329   0.9219   2.213035E-14   2.304906E-14   1.0415
 1227.4628   0.9232   2.215264E-14   2.172516E-14   0.9807
 1227.4927   0.9244   2.217512E-14   2.006020E-14   0.9046
 1227.5226   0.9255   2.219777E-14   1.983045E-14   0.8934
 1227.5525   0.9265   2.222060E-14   2.098706E-14   0.9445
 1227.5824   0.9273   2.224360E-14   2.229418E-14   1.0023
 1227.6123   0.9280   2.226677E-14   2.176017E-14   0.9772
 1227.6422   0.9285   2.229010E-14   2.162449E-14   0.9701
 1227.6722   0.9289   2.231366E-14   2.019765E-14   0.9052
 1227.7021   0.9292   2.233730E-14   1.862050E-14   0.8336
 1227.7320   0.9294   2.236108E-14   2.090785E-14   0.9350
 1227.7619   0.9294   2.238500E-14   2.268484E-14   1.0134
 1227.7918   0.9293   2.240907E-14   1.961575E-14   0.8753
 1227.8217   0.9291   2.243326E-14   2.292330E-14   1.0218
 1227.8516   0.9287   2.245758E-14   2.340504E-14   1.0422
 1227.8815   0.9283   2.248202E-14   2.167445E-14   0.9641
 1227.9114   0.9277   2.250658E-14   2.219026E-14   0.9859
 1227.9413   0.9270   2.253125E-14   2.240670E-14   0.9945
 1227.9712   0.9261   2.255603E-14   2.298757E-14   1.0191
 1228.0012   0.9252   2.258099E-14   2.390586E-14   1.0587
 1228.0311   0.9241   2.260597E-14   2.178304E-14   0.9636
 1228.0610   0.9230   2.263104E-14   2.384339E-14   1.0536
 1228.0909   0.9217   2.265620E-14   2.338831E-14   1.0323
 1228.1208   0.9203   2.268145E-14   2.535770E-14   1.1180
 1228.1507   0.9188   2.270677E-14   2.163437E-14   0.9528
 1228.1806   0.9172   2.273217E-14   2.163320E-14   0.9517
 1228.2105   0.9155   2.275763E-14   2.244531E-14   0.9863
 1228.2404   0.9136   2.278316E-14   2.258772E-14   0.9914
 1228.2703   0.9117   2.280875E-14   2.330995E-14   1.0220
 1228.3002   0.9097   2.283439E-14   2.389814E-14   1.0466
 1228.3302   0.9076   2.286017E-14   2.320951E-14   1.0153
 1228.3601   0.9054   2.288591E-14   2.265353E-14   0.9898
 1228.3900   0.9031   2.291168E-14   2.045855E-14   0.8929
 1228.4199   0.9007   2.293750E-14   2.109342E-14   0.9196
 1228.4498   0.8982   2.296334E-14   2.173465E-14   0.9465
 1228.4797   0.8956   2.298921E-14   2.067199E-14   0.8992
 1228.5096   0.8930   2.301509E-14   2.086100E-14   0.9064
 1228.5395   0.8902   2.304100E-14   2.245649E-14   0.9746
 1228.5694   0.8874   2.306691E-14   2.540735E-14   1.1015
 1228.5993   0.8845   2.309283E-14   2.502354E-14   1.0836
 1228.6292   0.8816   2.311875E-14   2.120659E-14   0.9173
 1228.6592   0.8785   2.314476E-14   2.246889E-14   0.9708
 1228.6891   0.8754   2.317066E-14   2.557119E-14   1.1036
 1228.7190   0.8722   2.319656E-14   2.088067E-14   0.9002
 1228.7489   0.8690   2.322244E-14   2.249649E-14   0.9687
 1228.7788   0.8657   2.324829E-14   2.229119E-14   0.9588
 1228.8087   0.8624   2.327412E-14   2.080313E-14   0.8938
 1228.8386   0.8590   2.329991E-14   2.293233E-14   0.9842
 1228.8685   0.8555   2.332566E-14   2.254303E-14   0.9664
 1228.8984   0.8520   2.335138E-14   2.240919E-14   0.9597
 1228.9283   0.8485   2.337704E-14   2.269311E-14   0.9707
 1228.9582   0.8449   2.340266E-14   2.451310E-14   1.0474
 1228.9882   0.8412   2.342830E-14   2.407544E-14   1.0276
 1229.0181   0.8376   2.345379E-14   2.145878E-14   0.9149
 1229.0480   0.8339   2.347922E-14   2.493023E-14   1.0618
 1229.0779   0.8301   2.350457E-14   2.243405E-14   0.9545
 1229.1078   0.8264   2.352985E-14   2.110239E-14   0.8968
 1229.1377   0.8226   2.355505E-14   2.412749E-14   1.0243
 1229.1676   0.8188   2.358016E-14   2.635913E-14   1.1179
 1229.1975   0.8150   2.360519E-14   2.234811E-14   0.9467
 1229.2274   0.8112   2.363011E-14   2.563002E-14   1.0846
 1229.2573   0.8074   2.365494E-14   2.355926E-14   0.9960
 1229.2872   0.8035   2.367965E-14   2.448311E-14   1.0339
 1229.3172   0.7997   2.370435E-14   2.370656E-14   1.0001
 1229.3471   0.7959   2.372884E-14   2.428493E-14   1.0234
 1229.3770   0.7920   2.375321E-14   2.084002E-14   0.8774
 1229.4069   0.7882   2.377746E-14   2.415711E-14   1.0160
 1229.4368   0.7844   2.380158E-14   2.468901E-14   1.0373
 1229.4667   0.7806   2.382556E-14   2.163415E-14   0.9080
 1229.4966   0.7769   2.384941E-14   2.621727E-14   1.0993
 1229.5265   0.7731   2.387311E-14   2.627227E-14   1.1005
 1229.5564   0.7694   2.389666E-14   2.701081E-14   1.1303
 1229.5863   0.7657   2.392006E-14   2.538147E-14   1.0611
 1229.6162   0.7621   2.394330E-14   2.163400E-14   0.9036
 1229.6461   0.7584   2.396637E-14   2.565670E-14   1.0705
 1229.6761   0.7549   2.398936E-14   2.496634E-14   1.0407
 1229.7060   0.7513   2.401209E-14   2.719692E-14   1.1326
 1229.7359   0.7478   2.403465E-14   2.230356E-14   0.9280
 1229.7658   0.7444   2.405702E-14   2.358389E-14   0.9803
 1229.7957   0.7410   2.407920E-14   2.337012E-14   0.9706
 1229.8256   0.7377   2.410120E-14   2.246056E-14   0.9319
 1229.8555   0.7344   2.412299E-14   2.427144E-14   1.0062
 1229.8854   0.7312   2.414458E-14   2.047717E-14   0.8481
 1229.9153   0.7280   2.416597E-14   2.460533E-14   1.0182
 1229.9452   0.7250   2.418714E-14   2.443391E-14   1.0102
 1229.9751   0.7220   2.420810E-14   2.635472E-14   1.0887
 1230.0051   0.7190   2.422890E-14   2.356958E-14   0.9728
 1230.0350   0.7162   2.424941E-14   2.516440E-14   1.0377
 1230.0649   0.7134   2.426968E-14   2.300775E-14   0.9480
 1230.0948   0.7107   2.428972E-14   2.194009E-14   0.9033
 1230.1247   0.7080   2.430952E-14   2.411401E-14   0.9920
 1230.1546   0.7055   2.432908E-14   2.306393E-14   0.9480
 1230.1845   0.7030   2.434838E-14   2.493917E-14   1.0243
 1230.2144   0.7007   2.436742E-14   2.557452E-14   1.0495
 1230.2443   0.6984   2.438621E-14   2.718671E-14   1.1148
 1230.2742   0.6962   2.440473E-14   2.428434E-14   0.9951
 1230.3041   0.6941   2.442298E-14   2.440609E-14   0.9993
 1230.3341   0.6921   2.444102E-14   2.776707E-14   1.1361
 1230.3640   0.6902   2.445871E-14   2.118139E-14   0.8660
 1230.3939   0.6884   2.447612E-14   2.496322E-14   1.0199
 1230.4238   0.6868   2.449325E-14   2.424067E-14   0.9897
 1230.4537   0.6852   2.451008E-14   2.789413E-14   1.1381
 1230.4836   0.6837   2.452663E-14   2.369130E-14   0.9659
 1230.5135   0.6823   2.454291E-14   2.414669E-14   0.9839
 1230.5434   0.6810   2.455890E-14   2.677240E-14   1.0901
 1230.5733   0.6798   2.457462E-14   2.022333E-14   0.8229
 1230.6032   0.6788   2.459007E-14   2.692648E-14   1.0950
 1230.6331   0.6778   2.460526E-14   2.558731E-14   1.0399
 1230.6631   0.6770   2.462023E-14   2.703008E-14   1.0979
 1230.6930   0.6762   2.463488E-14   2.504001E-14   1.0164
 1230.7229   0.6756   2.464928E-14   2.430784E-14   0.9861
 1230.7528   0.6751   2.466342E-14   2.438138E-14   0.9886
 1230.7827   0.6747   2.467731E-14   2.424707E-14   0.9826
 1230.8126   0.6744   2.469095E-14   2.890531E-14   1.1707
 1230.8425   0.6742   2.470435E-14   2.486006E-14   1.0063
 1230.8724   0.6741   2.471750E-14   2.495908E-14   1.0098
 1230.9023   0.6741   2.473042E-14   2.656616E-14   1.0742
 1230.9322   0.6743   2.474309E-14   2.857285E-14   1.1548
 1230.9621   0.6746   2.475553E-14   2.669877E-14   1.0785
 1230.9921   0.6749   2.476779E-14   2.429148E-14   0.9808
 1231.0220   0.6754   2.477977E-14   2.404476E-14   0.9703
 1231.0519   0.6760   2.479153E-14   2.539790E-14   1.0245
 1231.0818   0.6767   2.480307E-14   2.675242E-14   1.0786
 1231.1117   0.6775   2.481439E-14   2.773495E-14   1.1177
 1231.1416   0.6785   2.482550E-14   2.292404E-14   0.9234
 1231.1715   0.6795   2.483639E-14   2.430507E-14   0.9786
 1231.2014   0.6806   2.484708E-14   2.574124E-14   1.0360
 1231.2313   0.6819   2.485756E-14   2.453370E-14   0.9870
 1231.2612   0.6833   2.486784E-14   2.242421E-14   0.9017
 1231.2911   0.6847   2.487792E-14   2.315273E-14   0.9307
 1231.3211   0.6863   2.488784E-14   2.554521E-14   1.0264
 1231.3510   0.6879   2.489752E-14   2.230726E-14   0.8960
 1231.3809   0.6897   2.490702E-14   2.338416E-14   0.9389
 1231.4108   0.6916   2.491634E-14   2.010216E-14   0.8068
 1231.4407   0.6936   2.492547E-14   2.150508E-14   0.8628
 1231.4706   0.6956   2.493441E-14   2.304255E-14   0.9241
 1231.5005   0.6978   2.494318E-14   2.209168E-14   0.8857
 1231.5304   0.7000   2.495178E-14   2.125659E-14   0.8519
 1231.5603   0.7024   2.496021E-14   2.273444E-14   0.9108
 1231.5902   0.7048   2.496846E-14   2.230014E-14   0.8931
 1231.6201   0.7073   2.497656E-14   2.260256E-14   0.9050
 1231.6501   0.7099   2.498451E-14   1.969658E-14   0.7884
 1231.6800   0.7126   2.499228E-14   2.188351E-14   0.8756
 1231.7099   0.7154   2.499990E-14   2.149754E-14   0.8599
 1231.7398   0.7182   2.500736E-14   2.033843E-14   0.8133
 1231.7697   0.7212   2.501467E-14   1.998436E-14   0.7989
 1231.7996   0.7242   2.502184E-14   2.089291E-14   0.8350
 1231.8295   0.7272   2.502886E-14   1.869422E-14   0.7469
 1231.8594   0.7304   2.503575E-14   1.983299E-14   0.7922
 1231.8893   0.7336   2.504249E-14   1.893024E-14   0.7559
 1231.9192   0.7369   2.504911E-14   1.913501E-14   0.7639
 1231.9491   0.7402   2.505559E-14   1.994882E-14   0.7962
 1231.9791   0.7436   2.506196E-14   2.192328E-14   0.8748
 1232.0090   0.7471   2.506819E-14   2.000576E-14   0.7981
 1232.0389   0.7506   2.507430E-14   2.151511E-14   0.8581
 1232.0688   0.7541   2.508029E-14   2.186942E-14   0.8720
 1232.0987   0.7577   2.508616E-14   2.199137E-14   0.8766
 1232.1286   0.7613   2.509192E-14   2.169472E-14   0.8646
 1232.1585   0.7650   2.509757E-14   2.437415E-14   0.9712
 1232.1884   0.7687   2.510312E-14   2.217683E-14   0.8834
 1232.2183   0.7724   2.510856E-14   2.267370E-14   0.9030
 1232.2482   0.7760   2.511391E-14   2.499501E-14   0.9953
 1232.2781   0.7793   2.511916E-14   2.359551E-14   0.9393
 1232.3081   0.7821   2.512433E-14   2.549512E-14   1.0148
 1232.3380   0.7839   2.512939E-14   2.312420E-14   0.9202
 1232.3679   0.7839   2.513437E-14   2.171135E-14   0.8638
 1232.3978   0.7810   2.513926E-14   2.256590E-14   0.8976
 1232.4277   0.7742   2.514407E-14   2.926344E-14   1.1638
 1232.4576   0.7626   2.514880E-14   2.619897E-14   1.0418
 1232.4875   0.7463   2.515346E-14   2.004674E-14   0.7970
 1232.5174   0.7262   2.515805E-14   2.289580E-14   0.9101
 1232.5473   0.7043   2.516256E-14   2.412555E-14   0.9588
 1232.5772   0.6823   2.516702E-14   2.176632E-14   0.8649
 1232.6071   0.6598   2.517141E-14   2.162172E-14   0.8590
 1232.6371   0.6318   2.517575E-14   1.986122E-14   0.7889
 1232.6670   0.5889   2.518003E-14   1.622147E-14   0.6442
 1232.6969   0.5217   2.518425E-14   1.232328E-14   0.4893
 1232.7268   0.4344   2.518842E-14   1.137990E-14   0.4518
 1232.7567   0.3516   2.519254E-14   8.069274E-15   0.3203
 1232.7866   0.2977   2.519662E-14   6.731899E-15   0.2672
 1232.8165   0.2748   2.520066E-14   6.226073E-15   0.2471
 1232.8464   0.2696   2.520467E-14   6.724309E-15   0.2668
 1232.8763   0.2710   2.520863E-14   5.739445E-15   0.2277
 1232.9062   0.2741   2.521257E-14   7.198779E-15   0.2855
 1232.9361   0.2783   2.521648E-14   7.349734E-15   0.2915
 1232.9661   0.2856   2.522038E-14   7.715383E-15   0.3059
 1232.9960   0.3031   2.522424E-14   9.811789E-15   0.3890
 1233.0259   0.3457   2.522808E-14   8.830971E-15   0.3500
 1233.0558   0.4307   2.523191E-14   1.230541E-14   0.4877
 1233.0857   0.5546   2.523572E-14   1.541633E-14   0.6109
 1233.1156   0.6840   2.523953E-14   1.441216E-14   0.5710
 1233.1455   0.7842   2.524333E-14   1.872268E-14   0.7417
 1233.1754   0.8455   2.524713E-14   1.844192E-14   0.7305
 1233.2053   0.8773   2.525092E-14   2.271285E-14   0.8995
 1233.2352   0.8926   2.525472E-14   2.309106E-14   0.9143
 1233.2651   0.9002   2.525852E-14   1.879856E-14   0.7442
 1233.2951   0.9047   2.526235E-14   2.478946E-14   0.9813
 1233.3250   0.9082   2.526618E-14   2.242647E-14   0.8876
 1233.3549   0.9113   2.527002E-14   2.356395E-14   0.9325
 1233.3848   0.9143   2.527388E-14   2.258975E-14   0.8938
 1233.4147   0.9171   2.527776E-14   2.282910E-14   0.9031
 1233.4446   0.9199   2.528167E-14   2.404056E-14   0.9509
 1233.4745   0.9227   2.528560E-14   2.368796E-14   0.9368
 1233.5044   0.9254   2.528957E-14   2.399699E-14   0.9489
 1233.5343   0.9280   2.529357E-14   2.394314E-14   0.9466
 1233.5642   0.9306   2.529760E-14   2.400851E-14   0.9490
 1233.5941   0.9331   2.530168E-14   2.418461E-14   0.9559
 1233.6241   0.9355   2.530581E-14   2.541213E-14   1.0042
 1233.6540   0.9379   2.530998E-14   2.284409E-14   0.9026
 1233.6839   0.9402   2.531420E-14   2.727495E-14   1.0775
 1233.7138   0.9425   2.531846E-14   2.874554E-14   1.1354
 1233.7437   0.9447   2.532279E-14   2.477504E-14   0.9784
 1233.7736   0.9468   2.532717E-14   2.457249E-14   0.9702
 1233.8035   0.9489   2.533162E-14   2.819331E-14   1.1130
 1233.8334   0.9509   2.533613E-14   2.632780E-14   1.0391
 1233.8633   0.9529   2.534071E-14   2.426525E-14   0.9576
 1233.8932   0.9548   2.534536E-14   2.645288E-14   1.0437
 1233.9231   0.9566   2.535009E-14   2.301951E-14   0.9081
 1233.9531   0.9584   2.535491E-14   2.874681E-14   1.1338
 1233.9830   0.9602   2.535979E-14   2.550236E-14   1.0056
 1234.0129   0.9619   2.536476E-14   2.600176E-14   1.0251
 1234.0428   0.9635   2.536981E-14   2.874641E-14   1.1331
 1234.0727   0.9651   2.537496E-14   2.128052E-14   0.8386
 1234.1026   0.9666   2.538020E-14   2.237035E-14   0.8814
 1234.1325   0.9680   2.538553E-14   2.534955E-14   0.9986
 1234.1624   0.9695   2.539097E-14   2.257947E-14   0.8893
 1234.1923   0.9708   2.539650E-14   2.870875E-14   1.1304
 1234.2222   0.9721   2.540214E-14   2.224073E-14   0.8755
 1234.2521   0.9734   2.540789E-14   2.429680E-14   0.9563
 1234.2821   0.9746   2.541378E-14   2.441523E-14   0.9607
 1234.3120   0.9758   2.541974E-14   2.576166E-14   1.0135
 1234.3419   0.9770   2.542581E-14   2.435486E-14   0.9579
 1234.3718   0.9780   2.543197E-14   2.336792E-14   0.9188
 1234.4017   0.9791   2.543821E-14   2.534676E-14   0.9964
 1234.4316   0.9801   2.544453E-14   2.738718E-14   1.0763
 1234.4615   0.9811   2.545093E-14   2.551179E-14   1.0024
 1234.4914   0.9820   2.545739E-14   2.755375E-14   1.0823
 1234.5213   0.9829   2.546391E-14   2.267759E-14   0.8906
 1234.5512   0.9837   2.547049E-14   2.196765E-14   0.8625
 1234.5811   0.9846   2.547711E-14   2.413064E-14   0.9471
 1234.6111   0.9853   2.548379E-14   2.458979E-14   0.9649
 1234.6410   0.9861   2.549049E-14   2.341492E-14   0.9186
 1234.6709   0.9868   2.549721E-14   2.342764E-14   0.9188
 1234.7008   0.9875   2.550396E-14   2.362892E-14   0.9265
 1234.7307   0.9881   2.551072E-14   2.647630E-14   1.0379
 1234.7606   0.9888   2.551748E-14   2.632829E-14   1.0318
 1234.7905   0.9894   2.552425E-14   2.638915E-14   1.0339
 1234.8204   0.9899   2.553101E-14   2.570830E-14   1.0069
 1234.8503   0.9905   2.553777E-14   2.678690E-14   1.0489
 1234.8802   0.9910   2.554450E-14   2.657873E-14   1.0405
 1234.9101   0.9915   2.555121E-14   2.732098E-14   1.0693
 1234.9401   0.9920   2.555791E-14   2.626880E-14   1.0278
 1234.9700   0.9924   2.556454E-14   2.434006E-14   0.9521
 1234.9999   0.9928   2.557114E-14   2.467540E-14   0.9650
 1235.0298   0.9932   2.557768E-14   2.588377E-14   1.0120
 1235.0597   0.9936   2.558417E-14   2.795515E-14   1.0927
 1235.0896   0.9940   2.559059E-14   2.768985E-14   1.0820
 1235.1195   0.9943   2.559695E-14   2.731857E-14   1.0673
 1235.1494   0.9947   2.560322E-14   2.267878E-14   0.8858
 1235.1793   0.9950   2.560942E-14   2.446585E-14   0.9553
 1235.2092   0.9953   2.561552E-14   2.533011E-14   0.9889
 1235.2391   0.9956   2.562153E-14   2.557143E-14   0.9980
 1235.2691   0.9958   2.562745E-14   2.327433E-14   0.9082
 1235.2990   0.9961   2.563325E-14   2.193255E-14   0.8556
 1235.3289   0.9963   2.563893E-14   2.536099E-14   0.9892
 1235.3588   0.9965   2.564448E-14   2.790239E-14   1.0880
 1235.3887   0.9967   2.564991E-14   2.641947E-14   1.0300
 1235.4186   0.9969   2.565520E-14   2.621456E-14   1.0218
 1235.4485   0.9971   2.566036E-14   2.604750E-14   1.0151
 1235.4784   0.9973   2.566536E-14   2.860236E-14   1.1144
 1235.5083   0.9975   2.567021E-14   2.602161E-14   1.0137
 1235.5382   0.9976   2.567489E-14   2.454499E-14   0.9560
 1235.5681   0.9978   2.567941E-14   2.491317E-14   0.9702
 1235.5981   0.9979   2.568377E-14   2.971612E-14   1.1570
 1235.6280   0.9981   2.568794E-14   2.480953E-14   0.9658
 1235.6579   0.9982   2.569191E-14   2.473641E-14   0.9628
 1235.6878   0.9983   2.569570E-14   2.654586E-14   1.0331
 1235.7177   0.9984   2.569928E-14   2.734525E-14   1.0640
 1235.7476   0.9985   2.570266E-14   2.694919E-14   1.0485
 1235.7775   0.9986   2.570582E-14   2.640605E-14   1.0272
 1235.8074   0.9987   2.570876E-14   2.542395E-14   0.9889
 1235.8373   0.9988   2.571148E-14   2.473275E-14   0.9619
 1235.8672   0.9989   2.571396E-14   2.445471E-14   0.9510
 1235.8971   0.9990   2.571621E-14   2.588885E-14   1.0067
 1235.9271   0.9990   2.571821E-14   2.348246E-14   0.9131
 1235.9570   0.9991   2.571996E-14   2.602677E-14   1.0119
 1235.9869   0.9992   2.572145E-14   2.868504E-14   1.1152
 1236.0168   0.9992   2.572267E-14   2.687896E-14   1.0450
 1236.0467   0.9993   2.572362E-14   2.561689E-14   0.9959
 1236.0766   0.9993   2.572429E-14   2.453442E-14   0.9537
 1236.1065   0.9994   2.572468E-14   2.654604E-14   1.0319
 1236.1364   0.9994   2.572478E-14   2.744895E-14   1.0670
 1236.1663   0.9995   2.572458E-14   2.807093E-14   1.0912
 1236.1962   0.9995   2.572407E-14   2.656117E-14   1.0325
 1236.2261   0.9995   2.572325E-14   2.876985E-14   1.1184
 1236.2561   0.9996   2.572212E-14   2.774371E-14   1.0786
 1236.2860   0.9996   2.572066E-14   2.785617E-14   1.0830
 1236.3159   0.9996   2.571887E-14   2.580999E-14   1.0035
 1236.3458   0.9997   2.571674E-14   3.012696E-14   1.1715
 1236.3757   0.9997   2.571427E-14   3.306660E-14   1.2859
 1236.4056   0.9997   2.571146E-14   2.970772E-14   1.1554
 1236.4355   0.9997   2.570828E-14   2.846644E-14   1.1073
 1236.4654   0.9997   2.570474E-14   2.972848E-14   1.1565
 1236.4953   0.9998   2.570084E-14   2.611886E-14   1.0163
 1236.5252   0.9998   2.569656E-14   2.873470E-14   1.1182
 1236.5551   0.9998   2.569189E-14   2.732530E-14   1.0636
 1236.5851   0.9998   2.568682E-14   2.557913E-14   0.9958
 1236.6150   0.9998   2.568137E-14   2.685362E-14   1.0456
 1236.6449   0.9998   2.567552E-14   2.505620E-14   0.9759
 1236.6748   0.9999   2.566926E-14   2.744184E-14   1.0691
 1236.7047   0.9999   2.566258E-14   2.642940E-14   1.0299
 1236.7346   0.9999   2.565549E-14   2.658527E-14   1.0362
 1236.7645   0.9999   2.564796E-14   2.552249E-14   0.9951
 1236.7944   0.9999   2.564000E-14   2.501990E-14   0.9758
 1236.8243   0.9999   2.563161E-14   2.615825E-14   1.0205
 1236.8542   0.9999   2.562276E-14   2.430200E-14   0.9485
 1236.8841   0.9999   2.561346E-14   2.091945E-14   0.8167
 1236.9141   0.9999   2.560367E-14   2.298644E-14   0.8978
 1236.9440   0.9999   2.559344E-14   2.009082E-14   0.7850
 1236.9739   0.9999   2.558274E-14   2.271301E-14   0.8878
 1237.0038   0.9999   2.557155E-14   2.055418E-14   0.8038
 1237.0337   0.9999   2.555989E-14   2.128012E-14   0.8326
 1237.0636   1.0000   2.554773E-14   2.342139E-14   0.9168
 1237.0935   1.0000   2.553507E-14   2.079998E-14   0.8146
 1237.1234   1.0000   2.552190E-14   2.265602E-14   0.8877
 1237.1533   1.0000   2.550822E-14   2.275654E-14   0.8921
 1237.1832   1.0000   2.549403E-14   1.971503E-14   0.7733
 1237.2131   1.0000   2.547931E-14   2.234103E-14   0.8768
 1237.2431   1.0000   2.546400E-14   1.910206E-14   0.7502
 1237.2730   1.0000   2.544821E-14   1.964351E-14   0.7719
 1237.3029   1.0000   2.543187E-14   2.238781E-14   0.8803
 1237.3328   1.0000   2.541498E-14   2.073599E-14   0.8159
 1237.3627   1.0000   2.539753E-14   2.074654E-14   0.8169
 1237.3926   1.0000   2.537952E-14   2.193348E-14   0.8642
 1237.4225   1.0000   2.536094E-14   2.130014E-14   0.8399
 1237.4524   1.0000   2.534178E-14   2.164852E-14   0.8543
 1237.4823   1.0000   2.532203E-14   2.225242E-14   0.8788
 1237.5122   1.0000   2.530170E-14   1.915680E-14   0.7571
 1237.5421   1.0000   2.528077E-14   2.236688E-14   0.8847
 1237.5721   1.0000   2.525916E-14   2.225559E-14   0.8811
 1237.6020   1.0000   2.523701E-14   2.231674E-14   0.8843
 1237.6319   1.0000   2.521425E-14   2.543811E-14   1.0089
 1237.6618   1.0000   2.519087E-14   2.592441E-14   1.0291
 1237.6917   1.0000   2.516685E-14   2.478887E-14   0.9850
 1237.7216   1.0000   2.514220E-14   2.489110E-14   0.9900
 1237.7515   1.0000   2.511691E-14   2.944637E-14   1.1724
 1237.7814   1.0000   2.509097E-14   2.727764E-14   1.0871
 1237.8113   1.0000   2.506437E-14   2.659650E-14   1.0611
 1237.8412   1.0000   2.503712E-14   2.587980E-14   1.0337
 1237.8711   1.0000   2.500919E-14   2.746745E-14   1.0983
 1237.9011   1.0000   2.498049E-14   2.279841E-14   0.9126
 1237.9310   1.0000   2.495121E-14   2.462859E-14   0.9871
 1237.9609   1.0000   2.492123E-14   2.594056E-14   1.0409
 1237.9908   1.0000   2.489057E-14   2.510444E-14   1.0086
 1238.0207   1.0000   2.485920E-14   2.522240E-14   1.0146
 1238.0506   1.0000   2.482712E-14   2.488591E-14   1.0024
 1238.0805   1.0000   2.479433E-14   2.627538E-14   1.0597
 1238.1104   1.0000   2.476083E-14   2.306693E-14   0.9316
 1238.1403   1.0000   2.472659E-14   2.544398E-14   1.0290
 1238.1702   1.0000   2.469165E-14   2.621474E-14   1.0617
 1238.2001   1.0000   2.465601E-14   2.692880E-14   1.0922
 1238.2301   1.0000   2.461957E-14   2.751173E-14   1.1175
 1238.2600   1.0000   2.458259E-14   2.535983E-14   1.0316
 1238.2899   1.0000   2.454496E-14   2.416531E-14   0.9845
 1238.3198   1.0000   2.450669E-14   2.073186E-14   0.8460
 1238.3497   1.0000   2.446781E-14   2.400781E-14   0.9812
 1238.3796   1.0000   2.442833E-14   2.239699E-14   0.9168
 1238.4095   1.0000   2.438827E-14   2.374881E-14   0.9738
 1238.4394   1.0000   2.434764E-14   2.509091E-14   1.0305
 1238.4693   1.0000   2.430645E-14   2.215899E-14   0.9117
 1238.4992   1.0000   2.426473E-14   2.273233E-14   0.9368
 1238.5291   1.0000   2.422248E-14   2.552164E-14   1.0536
 1238.5591   1.0000   2.417959E-14   2.301759E-14   0.9519
 1238.5890   1.0000   2.413635E-14   2.442266E-14   1.0119
 1238.6189   1.0000   2.409263E-14   2.424457E-14   1.0063
 1238.6488   1.0000   2.404846E-14   2.464783E-14   1.0249
 1238.6787   1.0000   2.400384E-14   2.489260E-14   1.0370
 1238.7086   1.0000   2.395880E-14   2.602400E-14   1.0862
 1238.7385   1.0000   2.391335E-14   2.289368E-14   0.9574
 1238.7684   1.0000   2.386750E-14   2.281053E-14   0.9557
 1238.7983   1.0000   2.382127E-14   2.326879E-14   0.9768
 1238.8282   1.0000   2.377468E-14   2.166273E-14   0.9112
 1238.8581   1.0000   2.372774E-14   2.345865E-14   0.9887
 1238.8881   1.0000   2.368031E-14   2.333468E-14   0.9854
 1238.9180   1.0000   2.363272E-14   2.349638E-14   0.9942
 1238.9479   1.0000   2.358484E-14   2.381830E-14   1.0099
 1238.9778   1.0000   2.353666E-14   2.556773E-14   1.0863
 1239.0077   1.0000   2.348822E-14   2.305159E-14   0.9814
 1239.0376   1.0000   2.343953E-14   2.268407E-14   0.9678
 1239.0675   1.0000   2.339060E-14   2.414255E-14   1.0321
 1239.0974   1.0000   2.334145E-14   2.322390E-14   0.9950
 1239.1273   1.0000   2.329209E-14   2.372987E-14   1.0188
 1239.1572   1.0000   2.324254E-14   2.229615E-14   0.9593
 1239.1871   1.0000   2.319282E-14   2.013768E-14   0.8683
 1239.2170   1.0000   2.314295E-14   2.326969E-14   1.0055
 1239.2470   1.0000   2.309276E-14   2.216818E-14   0.9600
 1239.2769   1.0000   2.304261E-14   2.395732E-14   1.0397
 1239.3068   0.9998   2.299235E-14   2.313865E-14   1.0064
 1239.3367   0.9994   2.294200E-14   2.293159E-14   0.9995
 1239.3666   0.9980   2.289157E-14   2.467075E-14   1.0777
 1239.3965   0.9940   2.284107E-14   2.108407E-14   0.9231
 1239.4264   0.9836   2.279053E-14   2.159531E-14   0.9476
 1239.4563   0.9600   2.273996E-14   2.151519E-14   0.9461
 1239.4862   0.9133   2.268937E-14   2.072651E-14   0.9135
 1239.5161   0.8351   2.263878E-14   1.947235E-14   0.8601
 1239.5460   0.7274   2.258820E-14   1.955241E-14   0.8656
 1239.5760   0.6085   2.253749E-14   2.110649E-14   0.9365
 1239.6059   0.5058   2.248700E-14   1.886883E-14   0.8391
 1239.6358   0.4347   2.243657E-14   2.116843E-14   0.9435
 1239.6657   0.3944   2.238621E-14   2.105062E-14   0.9403
 1239.6956   0.3765   2.233595E-14   2.155199E-14   0.9649
 1239.7255   0.3742   2.228581E-14   1.981688E-14   0.8892
 1239.7554   0.3865   2.223579E-14   1.929705E-14   0.8678
 1239.7853   0.4185   2.218591E-14   2.008707E-14   0.9054
 1239.8152   0.4788   2.213619E-14   1.886892E-14   0.8524
 1239.8451   0.5721   2.208664E-14   1.675161E-14   0.7585
 1239.8750   0.6882   2.203728E-14   1.606865E-14   0.7292
 1239.9050   0.8026   2.198797E-14   1.493767E-14   0.6794
 1239.9349   0.8915   2.193904E-14   1.181357E-14   0.5385
 1239.9648   0.9478   2.189034E-14   9.802883E-15   0.4478
 1239.9947   0.9778   2.184190E-14   1.036809E-14   0.4747
 1240.0246   0.9915   2.179373E-14   9.975768E-15   0.4577
 1240.0545   0.9971   2.174585E-14   9.752131E-15   0.4485
 1240.0844   0.9991   2.169826E-14   1.074124E-14   0.4950
 1240.1143   0.9997   2.165099E-14   9.129522E-15   0.4217
 1240.1442   0.9999   2.160405E-14   9.947187E-15   0.4604
 1240.1741   1.0000   2.155746E-14   1.085990E-14   0.5038
 1240.2040   1.0000   2.151123E-14   1.371005E-14   0.6373
 1240.2340   1.0000   2.146523E-14   1.279168E-14   0.5959
 1240.2639   1.0000   2.141977E-14   1.556245E-14   0.7265
 1240.2938   1.0000   2.137473E-14   1.666200E-14   0.7795
 1240.3237   1.0000   2.133012E-14   1.874817E-14   0.8790
 1240.3536   1.0000   2.128594E-14   1.864150E-14   0.8758
 1240.3835   1.0000   2.124223E-14   1.730006E-14   0.8144
 1240.4134   1.0000   2.119899E-14   1.946581E-14   0.9182
 1240.4433   1.0000   2.115624E-14   1.859833E-14   0.8791
 1240.4732   1.0000   2.111399E-14   2.071297E-14   0.9810
 1240.5031   1.0000   2.107227E-14   2.131914E-14   1.0117
 1240.5330   1.0000   2.103108E-14   1.851129E-14   0.8802
 1240.5630   1.0000   2.099031E-14   2.206248E-14   1.0511
 1240.5929   1.0000   2.095025E-14   2.239328E-14   1.0689
 1240.6228   1.0000   2.091077E-14   2.318415E-14   1.1087
 1240.6527   1.0000   2.087189E-14   1.907876E-14   0.9141
 1240.6826   1.0000   2.083363E-14   1.952458E-14   0.9372
 1240.7125   1.0000   2.079600E-14   2.197961E-14   1.0569
 1240.7424   1.0000   2.075901E-14   2.238083E-14   1.0781
 1240.7723   1.0000   2.072269E-14   2.167692E-14   1.0460
 1240.8022   1.0000   2.068705E-14   1.689576E-14   0.8167
 1240.8321   1.0000   2.065211E-14   1.875856E-14   0.9083
 1240.8620   1.0000   2.061788E-14   2.110990E-14   1.0239
 1240.8920   1.0000   2.058426E-14   1.961295E-14   0.9528
 1240.9219   1.0000   2.055150E-14   2.060189E-14   1.0025
 1240.9518   1.0000   2.051949E-14   2.019037E-14   0.9840
 1240.9817   1.0000   2.048826E-14   2.133106E-14   1.0411
