 1346.9872   1.0000   5.243917E-15   4.968624E-15   0.9475
 1347.0171   1.0000   5.301696E-15   5.718025E-15   1.0785
 1347.0470   1.0000   5.361798E-15   4.577029E-15   0.8536
 1347.0769   1.0000   5.424114E-15   4.952284E-15   0.9130
 1347.1068   1.0000   5.488536E-15   5.064697E-15   0.9228
 1347.1367   1.0000   5.554954E-15   4.964022E-15   0.8936
 1347.1666   1.0000   5.623261E-15   4.665937E-15   0.8298
 1347.1965   1.0000   5.693348E-15   6.520404E-15   1.1453
 1347.2264   1.0000   5.765106E-15   6.042919E-15   1.0482
 1347.2563   1.0000   5.838426E-15   5.254118E-15   0.8999
 1347.2863   1.0000   5.913454E-15   5.196526E-15   0.8788
 1347.3162   1.0000   5.989579E-15   5.238610E-15   0.8746
 1347.3461   1.0000   6.066941E-15   6.110882E-15   1.0072
 1347.3760   1.0000   6.145430E-15   6.581674E-15   1.0710
 1347.4059   1.0000   6.224940E-15   6.936262E-15   1.1143
 1347.4358   1.0000   6.305361E-15   6.077580E-15   0.9639
 1347.4657   1.0000   6.386584E-15   5.584433E-15   0.8744
 1347.4956   1.0000   6.468501E-15   6.838987E-15   1.0573
 1347.5255   1.0000   6.551004E-15   6.627216E-15   1.0116
 1347.5554   1.0000   6.633983E-15   5.964540E-15   0.8991
 1347.5853   1.0000   6.717331E-15   5.908344E-15   0.8796
 1347.6153   1.0000   6.801219E-15   6.045115E-15   0.8888
 1347.6452   1.0000   6.884978E-15   6.310511E-15   0.9166
 1347.6751   1.0000   6.968779E-15   5.356665E-15   0.7687
 1347.7050   1.0000   7.052514E-15   7.443135E-15   1.0554
 1347.7349   1.0000   7.136075E-15   6.505359E-15   0.9116
 1347.7648   1.0000   7.219352E-15   7.118803E-15   0.9861
 1347.7947   1.0000   7.302237E-15   7.209568E-15   0.9873
 1347.8246   1.0000   7.384622E-15   7.330009E-15   0.9926
 1347.8545   1.0000   7.466397E-15   7.345760E-15   0.9838
 1347.8844   1.0000   7.547456E-15   7.604969E-15   1.0076
 1347.9143   1.0000   7.627688E-15   9.358931E-15   1.2270
 1347.9443   1.0000   7.707249E-15   8.537670E-15   1.1077
 1347.9742   1.0000   7.785523E-15   7.073384E-15   0.9085
 1348.0041   1.0000   7.862787E-15   7.747025E-15   0.9853
 1348.0340   1.0000   7.939077E-15   7.022665E-15   0.8846
 1348.0639   1.0000   8.014425E-15   8.981480E-15   1.1207
 1348.0938   1.0000   8.088866E-15   7.813383E-15   0.9659
 1348.1237   1.0000   8.162435E-15   1.042871E-14   1.2776
 1348.1536   1.0000   8.235165E-15   7.488694E-15   0.9094
 1348.1835   1.0000   8.307090E-15   9.723420E-15   1.1705
 1348.2134   1.0000   8.378246E-15   9.029889E-15   1.0778
 1348.2433   1.0000   8.448666E-15   8.800219E-15   1.0416
 1348.2733   1.0000   8.518616E-15   8.645214E-15   1.0149
 1348.3032   1.0000   8.587664E-15   8.060125E-15   0.9386
 1348.3331   1.0000   8.656079E-15   7.698383E-15   0.8894
 1348.3630   1.0000   8.723895E-15   6.998076E-15   0.8022
 1348.3929   1.0000   8.791147E-15   7.690826E-15   0.8748
 1348.4228   1.0000   8.857868E-15   7.943320E-15   0.8968
 1348.4527   1.0000   8.924092E-15   8.156238E-15   0.9140
 1348.4826   1.0000   8.989855E-15   7.989656E-15   0.8887
 1348.5125   1.0000   9.055189E-15   9.139626E-15   1.0093
 1348.5424   1.0000   9.120130E-15   9.096669E-15   0.9974
 1348.5723   1.0000   9.184711E-15   7.560159E-15   0.8231
 1348.6023   1.0000   9.249181E-15   9.031299E-15   0.9764
 1348.6322   1.0000   9.313145E-15   8.498328E-15   0.9125
 1348.6621   1.0000   9.376852E-15   8.831378E-15   0.9418
 1348.6920   1.0000   9.440337E-15   8.857534E-15   0.9383
 1348.7219   1.0000   9.503633E-15   8.088188E-15   0.8511
 1348.7518   1.0000   9.566775E-15   1.013920E-14   1.0598
 1348.7817   1.0000   9.629797E-15   9.514189E-15   0.9880
 1348.8116   1.0000   9.692733E-15   1.035263E-14   1.0681
 1348.8415   1.0000   9.755617E-15   1.079602E-14   1.1066
 1348.8714   1.0000   9.818484E-15   9.341242E-15   0.9514
 1348.9013   1.0000   9.881368E-15   9.952582E-15   1.0072
 1348.9313   1.0000   9.944514E-15   1.290524E-14   1.2977
 1348.9612   1.0000   1.000764E-14   1.075123E-14   1.0743
 1348.9911   1.0000   1.007155E-14   1.209177E-14   1.2006
 1349.0210   1.0000   1.013691E-14   8.713598E-15   0.8596
 1349.0509   1.0000   1.020443E-14   1.052983E-14   1.0319
 1349.0808   1.0000   1.027479E-14   1.212860E-14   1.1804
 1349.1107   1.0000   1.034867E-14   9.874522E-15   0.9542
 1349.1406   0.9998   1.042677E-14   1.142810E-14   1.0960
 1349.1705   0.9992   1.050977E-14   9.198223E-15   0.8752
 1349.2004   0.9975   1.059836E-14   1.072904E-14   1.0123
 1349.2303   0.9925   1.069324E-14   1.087235E-14   1.0168
 1349.2603   0.9801   1.079543E-14   1.073124E-14   0.9941
 1349.2902   0.9532   1.090495E-14   9.107553E-15   0.8352
 1349.3201   0.9027   1.102283E-14   9.131626E-15   0.8284
 1349.3500   0.8225   1.114973E-14   7.050989E-15   0.6324
 1349.3799   0.7163   1.128636E-14   7.172105E-15   0.6355
 1349.4098   0.6007   1.143340E-14   8.800394E-15   0.7697
 1349.4397   0.4982   1.159154E-14   8.045543E-15   0.6941
 1349.4696   0.4267   1.176147E-14   5.831850E-15   0.4958
 1349.4995   0.3939   1.194387E-14   3.962769E-15   0.3318
 1349.5294   0.4019   1.213944E-14   3.911754E-15   0.3222
 1349.5593   0.4503   1.234886E-14   4.578968E-15   0.3708
 1349.5893   0.5358   1.257360E-14   7.418569E-15   0.5900
 1349.6192   0.6460   1.281284E-14   7.654993E-15   0.5974
 1349.6491   0.7606   1.306801E-14   1.289379E-14   0.9867
 1349.6790   0.8578   1.333978E-14   1.344586E-14   1.0080
 1349.7089   0.9260   1.362884E-14   1.153321E-14   0.8462
 1349.7388   0.9661   1.393589E-14   1.473516E-14   1.0574
 1349.7687   0.9862   1.426161E-14   1.190557E-14   0.8348
 1349.7986   0.9946   1.460670E-14   1.570173E-14   1.0750
 1349.8285   0.9963   1.497183E-14   1.543812E-14   1.0311
 1349.8584   0.9908   1.535770E-14   1.397436E-14   0.9099
 1349.8883   0.9698   1.576499E-14   1.467631E-14   0.9309
 1349.9183   0.9156   1.619587E-14   1.358693E-14   0.8389
 1349.9482   0.8140   1.664782E-14   1.176328E-14   0.7066
 1349.9781   0.6811   1.712125E-14   1.447235E-14   0.8453
 1350.0080   0.5646   1.761482E-14   1.224205E-14   0.6950
 1350.0379   0.4952   1.812720E-14   9.354471E-15   0.5160
 1350.0678   0.4674   1.865707E-14   8.587120E-15   0.4603
 1350.0977   0.4687   1.920308E-14   8.745509E-15   0.4554
 1350.1276   0.5001   1.976392E-14   9.193616E-15   0.4652
 1350.1575   0.5745   2.033825E-14   1.095146E-14   0.5385
 1350.1874   0.6947   2.092473E-14   1.744906E-14   0.8339
 1350.2173   0.8264   2.152204E-14   1.897291E-14   0.8816
 1350.2473   0.9234   2.213089E-14   1.853855E-14   0.8377
 1350.2772   0.9732   2.274588E-14   2.347384E-14   1.0320
 1350.3071   0.9924   2.336771E-14   2.462112E-14   1.0536
 1350.3370   0.9982   2.399503E-14   2.408028E-14   1.0036
 1350.3669   0.9997   2.462652E-14   2.670125E-14   1.0842
 1350.3968   0.9999   2.526084E-14   2.497151E-14   0.9885
 1350.4267   1.0000   2.589668E-14   2.933057E-14   1.1326
 1350.4566   1.0000   2.653268E-14   2.808610E-14   1.0585
 1350.4865   1.0000   2.716753E-14   3.177271E-14   1.1695
 1350.5164   1.0000   2.779988E-14   2.775814E-14   0.9985
 1350.5463   1.0000   2.842842E-14   2.779188E-14   0.9776
 1350.5763   1.0000   2.905389E-14   2.920802E-14   1.0053
 1350.6062   1.0000   2.967077E-14   2.695958E-14   0.9086
 1350.6361   1.0000   3.027984E-14   2.837105E-14   0.9370
 1350.6660   1.0000   3.087976E-14   2.805282E-14   0.9085
 1350.6959   1.0000   3.146920E-14   2.953544E-14   0.9386
 1350.7258   1.0000   3.204682E-14   2.919924E-14   0.9111
 1350.7557   1.0000   3.261131E-14   3.322565E-14   1.0188
 1350.7856   1.0000   3.316133E-14   3.549812E-14   1.0705
 1350.8155   1.0000   3.369554E-14   3.005248E-14   0.8919
 1350.8454   1.0000   3.421262E-14   3.303501E-14   0.9656
 1350.8753   1.0000   3.471123E-14   3.447392E-14   0.9932
 1350.9053   1.0000   3.519161E-14   3.745890E-14   1.0644
 1350.9352   1.0000   3.564958E-14   3.995738E-14   1.1208
 1350.9651   1.0000   3.608718E-14   4.281690E-14   1.1865
 1350.9950   1.0000   3.650516E-14   4.016160E-14   1.1002
 1351.0249   1.0000   3.690431E-14   3.941855E-14   1.0681
 1351.0548   1.0000   3.728536E-14   3.636938E-14   0.9754
 1351.0847   1.0000   3.764909E-14   3.742216E-14   0.9940
 1351.1146   1.0000   3.799626E-14   3.905602E-14   1.0279
 1351.1445   1.0000   3.832763E-14   3.310508E-14   0.8637
 1351.1744   1.0000   3.864395E-14   3.628122E-14   0.9389
 1351.2043   1.0000   3.894599E-14   3.419477E-14   0.8780
 1351.2343   1.0000   3.923546E-14   3.472254E-14   0.8850
 1351.2642   1.0000   3.951119E-14   3.313430E-14   0.8386
 1351.2941   1.0000   3.977492E-14   4.101369E-14   1.0311
 1351.3240   1.0000   4.002742E-14   4.215632E-14   1.0532
 1351.3539   1.0000   4.026944E-14   3.838855E-14   0.9533
 1351.3838   1.0000   4.050176E-14   4.426663E-14   1.0930
 1351.4137   1.0000   4.072512E-14   3.612749E-14   0.8871
 1351.4436   1.0000   4.094030E-14   3.967367E-14   0.9691
 1351.4735   1.0000   4.114804E-14   4.028552E-14   0.9790
 1351.5034   1.0000   4.134913E-14   4.263486E-14   1.0311
 1351.5333   1.0000   4.154430E-14   3.962076E-14   0.9537
 1351.5633   1.0000   4.173496E-14   4.285536E-14   1.0268
 1351.5932   1.0000   4.192060E-14   4.112318E-14   0.9810
 1351.6231   1.0000   4.210261E-14   3.886047E-14   0.9230
 1351.6530   1.0000   4.228177E-14   4.420593E-14   1.0455
 1351.6829   1.0000   4.245883E-14   4.174778E-14   0.9833
 1351.7128   1.0000   4.263455E-14   4.675180E-14   1.0966
 1351.7427   1.0000   4.280970E-14   4.550226E-14   1.0629
 1351.7726   1.0000   4.298503E-14   4.627690E-14   1.0766
 1351.8025   1.0000   4.316132E-14   4.142491E-14   0.9598
 1351.8324   1.0000   4.333930E-14   4.597572E-14   1.0608
 1351.8623   1.0000   4.351976E-14   4.579617E-14   1.0523
 1351.8923   1.0000   4.370407E-14   4.517248E-14   1.0336
 1351.9222   1.0000   4.389155E-14   4.628529E-14   1.0545
 1351.9521   1.0000   4.408249E-14   4.492080E-14   1.0190
 1351.9820   1.0000   4.427635E-14   4.511672E-14   1.0190
 1352.0119   1.0000   4.447260E-14   4.364183E-14   0.9813
 1352.0418   1.0000   4.467069E-14   4.663395E-14   1.0439
 1352.0717   1.0000   4.487010E-14   4.456207E-14   0.9931
 1352.1016   1.0000   4.507029E-14   4.387529E-14   0.9735
 1352.1315   1.0000   4.527072E-14   4.623362E-14   1.0213
 1352.1614   1.0000   4.547085E-14   4.725247E-14   1.0392
 1352.1913   1.0000   4.567014E-14   4.401407E-14   0.9637
 1352.2213   1.0000   4.586873E-14   4.825120E-14   1.0519
 1352.2512   1.0000   4.606475E-14   4.625177E-14   1.0041
 1352.2811   1.0000   4.625832E-14   4.373426E-14   0.9454
 1352.3110   1.0000   4.644891E-14   4.300392E-14   0.9258
 1352.3409   1.0000   4.663599E-14   4.727239E-14   1.0136
 1352.3708   1.0000   4.681901E-14   4.287264E-14   0.9157
 1352.4007   1.0000   4.699744E-14   4.465411E-14   0.9501
 1352.4306   1.0000   4.717075E-14   4.638816E-14   0.9834
 1352.4605   1.0000   4.733839E-14   4.416178E-14   0.9329
 1352.4904   1.0000   4.749984E-14   4.614942E-14   0.9716
 1352.5203   1.0000   4.765454E-14   4.949862E-14   1.0387
 1352.5503   1.0000   4.780246E-14   4.489369E-14   0.9392
 1352.5802   1.0000   4.794206E-14   4.600560E-14   0.9596
 1352.6101   1.0000   4.807332E-14   4.471155E-14   0.9301
 1352.6400   1.0000   4.819569E-14   5.230695E-14   1.0853
 1352.6699   1.0000   4.830864E-14   4.839443E-14   1.0018
 1352.6998   1.0000   4.841164E-14   5.075718E-14   1.0484
 1352.7297   1.0000   4.850415E-14   5.110925E-14   1.0537
 1352.7596   1.0000   4.858562E-14   4.859602E-14   1.0002
 1352.7895   1.0000   4.865553E-14   5.234280E-14   1.0758
 1352.8194   1.0000   4.871334E-14   4.215103E-14   0.8653
 1352.8493   1.0000   4.875851E-14   4.724836E-14   0.9690
 1352.8793   1.0000   4.879059E-14   4.654141E-14   0.9539
 1352.9092   1.0000   4.880902E-14   4.747770E-14   0.9727
 1352.9391   1.0000   4.881432E-14   4.713948E-14   0.9657
 1352.9690   1.0000   4.880711E-14   4.469727E-14   0.9158
 1352.9989   1.0000   4.878796E-14   4.692662E-14   0.9618
 1353.0288   1.0000   4.875747E-14   4.678862E-14   0.9596
 1353.0587   1.0000   4.871623E-14   4.914145E-14   1.0087
 1353.0886   1.0000   4.866484E-14   4.581474E-14   0.9414
 1353.1185   1.0000   4.860389E-14   5.136068E-14   1.0567
 1353.1484   1.0000   4.853398E-14   4.758848E-14   0.9805
 1353.1783   1.0000   4.845569E-14   4.694529E-14   0.9688
 1353.2083   1.0000   4.836932E-14   4.677407E-14   0.9670
 1353.2382   1.0000   4.827604E-14   4.881068E-14   1.0111
 1353.2681   1.0000   4.817617E-14   4.780997E-14   0.9924
 1353.2980   1.0000   4.807030E-14   4.761609E-14   0.9906
 1353.3279   1.0000   4.795903E-14   4.654629E-14   0.9705
 1353.3578   1.0000   4.784294E-14   4.658306E-14   0.9737
 1353.3877   1.0000   4.772263E-14   4.996604E-14   1.0470
 1353.4176   1.0000   4.759870E-14   4.693678E-14   0.9861
 1353.4475   1.0000   4.747173E-14   4.981797E-14   1.0494
 1353.4774   0.9999   4.734232E-14   5.046367E-14   1.0659
 1353.5073   0.9996   4.721107E-14   5.032761E-14   1.0660
 1353.5373   0.9988   4.707812E-14   5.138467E-14   1.0915
 1353.5672   0.9964   4.694495E-14   4.777387E-14   1.0177
 1353.5971   0.9904   4.681172E-14   5.179175E-14   1.1064
 1353.6270   0.9771   4.667901E-14   4.546026E-14   0.9739
 1353.6569   0.9517   4.654743E-14   4.516921E-14   0.9704
 1353.6868   0.9096   4.641756E-14   4.279465E-14   0.9219
 1353.7167   0.8500   4.629000E-14   4.500207E-14   0.9722
 1353.7466   0.7792   4.616534E-14   4.529062E-14   0.9811
 1353.7765   0.7097   4.604417E-14   4.066193E-14   0.8831
 1353.8064   0.6558   4.592709E-14   3.577526E-14   0.7790
 1353.8363   0.6283   4.581469E-14   3.105306E-14   0.6778
 1353.8663   0.6325   4.570721E-14   2.633433E-14   0.5762
 1353.8962   0.6676   4.560585E-14   2.858683E-14   0.6268
 1353.9261   0.7267   4.551019E-14   3.324189E-14   0.7304
 1353.9560   0.7980   4.542008E-14   3.695194E-14   0.8136
 1353.9859   0.8669   4.533535E-14   4.266564E-14   0.9411
 1354.0158   0.9222   4.525585E-14   4.527041E-14   1.0003
 1354.0457   0.9598   4.518142E-14   4.449145E-14   0.9847
 1354.0756   0.9815   4.511188E-14   4.553253E-14   1.0093
 1354.1055   0.9924   4.504709E-14   4.470993E-14   0.9925
 1354.1354   0.9971   4.498688E-14   4.869001E-14   1.0823
 1354.1653   0.9982   4.493109E-14   4.252772E-14   0.9465
 1354.1953   0.9959   4.487939E-14   4.189007E-14   0.9334
 1354.2252   0.9864   4.483197E-14   4.237118E-14   0.9451
 1354.2551   0.9606   4.478848E-14   3.889137E-14   0.8683
 1354.2850   0.9067   4.474876E-14   3.191237E-14   0.7131
 1354.3149   0.8221   4.471266E-14   3.348069E-14   0.7488
 1354.3448   0.7255   4.468002E-14   3.430886E-14   0.7679
 1354.3747   0.6467   4.465066E-14   2.895593E-14   0.6485
 1354.4046   0.6040   4.462443E-14   2.426509E-14   0.5438
 1354.4345   0.6009   4.460117E-14   2.369504E-14   0.5313
 1354.4644   0.6374   4.458072E-14   2.200196E-14   0.4935
 1354.4943   0.7112   4.456292E-14   3.025781E-14   0.6790
 1354.5243   0.8073   4.454755E-14   3.508271E-14   0.7875
 1354.5542   0.8955   4.453457E-14   4.553490E-14   1.0225
 1354.5841   0.9544   4.452375E-14   4.329211E-14   0.9723
 1354.6140   0.9839   4.451492E-14   4.336198E-14   0.9741
 1354.6439   0.9953   4.450794E-14   4.394212E-14   0.9873
 1354.6738   0.9989   4.450264E-14   4.610545E-14   1.0360
 1354.7037   0.9998   4.449886E-14   4.207042E-14   0.9454
 1354.7336   1.0000   4.449643E-14   4.437910E-14   0.9974
 1354.7635   1.0000   4.449520E-14   4.502719E-14   1.0120
 1354.7934   1.0000   4.449501E-14   4.255337E-14   0.9564
 1354.8233   1.0000   4.449569E-14   4.134200E-14   0.9291
 1354.8532   1.0000   4.449708E-14   4.340029E-14   0.9754
 1354.8832   1.0000   4.449903E-14   4.389892E-14   0.9865
 1354.9131   1.0000   4.450132E-14   4.343939E-14   0.9761
 1354.9430   1.0000   4.450376E-14   4.297441E-14   0.9656
 1354.9729   1.0000   4.450615E-14   4.455485E-14   1.0011
 1355.0028   1.0000   4.450830E-14   4.849617E-14   1.0896
 1355.0327   1.0000   4.450999E-14   4.512066E-14   1.0137
 1355.0626   1.0000   4.451104E-14   4.787185E-14   1.0755
 1355.0925   1.0000   4.451124E-14   5.111079E-14   1.1483
 1355.1224   1.0000   4.451039E-14   4.871796E-14   1.0945
 1355.1523   1.0000   4.450829E-14   4.780683E-14   1.0741
 1355.1822   1.0000   4.450474E-14   4.550224E-14   1.0224
 1355.2122   1.0000   4.449953E-14   4.187773E-14   0.9411
 1355.2421   1.0000   4.449247E-14   4.750541E-14   1.0677
 1355.2720   1.0000   4.448338E-14   4.446195E-14   0.9995
 1355.3019   1.0000   4.447203E-14   4.742201E-14   1.0663
 1355.3318   1.0000   4.445823E-14   4.540511E-14   1.0213
 1355.3617   1.0000   4.444178E-14   4.477777E-14   1.0076
 1355.3916   1.0000   4.442249E-14   4.679395E-14   1.0534
 1355.4215   1.0000   4.440014E-14   4.591302E-14   1.0341
 1355.4514   1.0000   4.437455E-14   4.673109E-14   1.0531
 1355.4813   1.0000   4.434550E-14   4.249016E-14   0.9582
 1355.5112   1.0000   4.431281E-14   4.409161E-14   0.9950
 1355.5412   1.0000   4.427614E-14   4.260898E-14   0.9623
 1355.5711   1.0000   4.423554E-14   4.681235E-14   1.0583
 1355.6010   1.0000   4.419069E-14   4.232091E-14   0.9577
 1355.6309   1.0000   4.414139E-14   4.426226E-14   1.0027
 1355.6608   1.0000   4.408744E-14   4.615213E-14   1.0468
 1355.6907   1.0000   4.402864E-14   4.088098E-14   0.9285
 1355.7206   1.0000   4.396479E-14   4.066725E-14   0.9250
 1355.7505   1.0000   4.389569E-14   4.431203E-14   1.0095
 1355.7804   1.0000   4.382115E-14   4.233194E-14   0.9660
 1355.8103   1.0000   4.374095E-14   4.059348E-14   0.9280
 1355.8402   1.0000   4.365491E-14   4.051036E-14   0.9280
 1355.8702   1.0000   4.356256E-14   4.125111E-14   0.9469
 1355.9001   1.0000   4.346464E-14   3.998475E-14   0.9199
 1355.9300   1.0000   4.336105E-14   4.293570E-14   0.9902
 1355.9599   1.0000   4.325195E-14   4.148453E-14   0.9591
 1355.9898   1.0000   4.313754E-14   4.033869E-14   0.9351
 1356.0197   1.0000   4.301799E-14   4.465911E-14   1.0381
 1356.0496   1.0000   4.289350E-14   4.118895E-14   0.9603
 1356.0795   1.0000   4.276423E-14   3.888290E-14   0.9092
 1356.1094   1.0000   4.263039E-14   4.018306E-14   0.9426
 1356.1393   1.0000   4.249214E-14   3.912808E-14   0.9208
 1356.1692   1.0000   4.234968E-14   4.238627E-14   1.0009
 1356.1992   1.0000   4.220268E-14   4.507535E-14   1.0681
 1356.2291   1.0000   4.205232E-14   4.173160E-14   0.9924
 1356.2590   1.0000   4.189829E-14   4.295175E-14   1.0251
 1356.2889   1.0000   4.174077E-14   4.184747E-14   1.0026
 1356.3188   1.0000   4.157996E-14   4.493243E-14   1.0806
 1356.3487   1.0000   4.141602E-14   4.176092E-14   1.0083
 1356.3786   1.0000   4.124915E-14   4.120075E-14   0.9988
 1356.4085   1.0000   4.107953E-14   4.235253E-14   1.0310
 1356.4384   1.0000   4.090734E-14   4.677944E-14   1.1435
 1356.4683   1.0000   4.073276E-14   3.850165E-14   0.9452
 1356.4982   1.0000   4.055598E-14   4.343613E-14   1.0710
 1356.5282   1.0000   4.037658E-14   4.264782E-14   1.0563
 1356.5581   1.0000   4.019594E-14   4.202705E-14   1.0456
 1356.5880   1.0000   4.001364E-14   4.169372E-14   1.0420
 1356.6179   1.0000   3.982988E-14   3.895293E-14   0.9780
 1356.6478   1.0000   3.964483E-14   3.711619E-14   0.9362
 1356.6777   1.0000   3.945867E-14   4.022628E-14   1.0195
 1356.7076   1.0000   3.927159E-14   3.818906E-14   0.9724
 1356.7375   1.0000   3.908378E-14   3.508604E-14   0.8977
 1356.7674   1.0000   3.889541E-14   3.712681E-14   0.9545
 1356.7973   1.0000   3.870667E-14   3.654644E-14   0.9442
 1356.8272   1.0000   3.851774E-14   3.935594E-14   1.0218
 1356.8572   1.0000   3.832817E-14   3.975669E-14   1.0373
 1356.8871   1.0000   3.813940E-14   3.843401E-14   1.0077
 1356.9170   1.0000   3.795096E-14   3.746518E-14   0.9872
 1356.9469   1.0000   3.776302E-14   3.284285E-14   0.8697
 1356.9768   1.0000   3.757574E-14   3.207744E-14   0.8537
